2.262809880067490731e+00,9.655878397214589626e+00,1.000000000000000000e+00
2.977900928251347334e+00,8.152063871379715110e+00,1.000000000000000000e+00
2.207527846366033053e+00,7.974627927805993721e+00,1.000000000000000000e+00
1.316911416149181502e+00,7.101385359604448055e+00,1.000000000000000000e+00
2.397959706338263608e+00,8.459225555067009239e+00,1.000000000000000000e+00
2.874715885373634983e+00,8.233011454057624690e+00,1.000000000000000000e+00
3.154480543225181677e+00,8.503239495651527591e+00,1.000000000000000000e+00
2.334119652340231887e+00,8.957694599589718365e+00,1.000000000000000000e+00
2.219951515721735547e+00,7.317619968863878555e+00,1.000000000000000000e+00
1.631228281994898666e+00,7.689943534504462441e+00,1.000000000000000000e+00
2.014794690843929814e+00,8.397228047305382859e+00,1.000000000000000000e+00
2.392898946516881065e+00,8.742471254360822286e+00,1.000000000000000000e+00
2.721054718251617821e+00,7.407515404686752625e+00,1.000000000000000000e+00
2.400888766989998757e+00,9.777739548285882876e+00,1.000000000000000000e+00
3.647974519696252749e+00,8.793991352253481608e+00,1.000000000000000000e+00
1.320177209787805284e+00,8.842988724442236048e+00,1.000000000000000000e+00
2.685350204313194489e+00,9.386969156176537155e+00,1.000000000000000000e+00
2.893263297039592175e+00,7.603702453423129448e+00,1.000000000000000000e+00
2.635174473045295951e+00,7.026816236677942307e+00,1.000000000000000000e+00
3.031945749756781883e+00,8.069470820068298522e+00,1.000000000000000000e+00
3.586593505890166789e+00,8.378439077978011795e+00,1.000000000000000000e+00
2.878512301907876658e+00,7.024131813252550316e+00,1.000000000000000000e+00
3.738726866302199081e+00,9.186199720090048260e+00,1.000000000000000000e+00
3.734543414176144438e+00,7.270843617480392318e+00,1.000000000000000000e+00
1.107976316705610031e+00,9.188434902320466335e+00,1.000000000000000000e+00
1.848522914461175670e+00,8.097273229861160715e+00,1.000000000000000000e+00
3.115709937322544310e+00,7.054545519217742644e+00,1.000000000000000000e+00
1.075546887786832162e+00,7.435807319689253347e+00,1.000000000000000000e+00
2.365340355987649357e+00,8.815884633558813022e+00,1.000000000000000000e+00
1.916524645602058374e+00,8.019558446141456187e+00,1.000000000000000000e+00
1.065856378233053459e+00,8.516647459631235151e+00,1.000000000000000000e+00
1.348447138125509426e+00,9.156444129262110820e+00,1.000000000000000000e+00
3.842890109998521542e+00,9.696622369402799535e+00,1.000000000000000000e+00
3.258338392609992251e+00,8.050568637947513650e+00,1.000000000000000000e+00
2.798588939102034878e+00,8.038687394885609905e+00,1.000000000000000000e+00
2.967285401119202248e+00,7.439408068699282950e+00,1.000000000000000000e+00
2.769020349575880946e+00,9.376867665022110998e+00,1.000000000000000000e+00
2.950008959947852283e+00,9.936691361593011251e+00,1.000000000000000000e+00
3.486645625573583374e+00,9.432815888189594489e+00,1.000000000000000000e+00
2.352481386767665050e+00,9.181394247522568719e+00,1.000000000000000000e+00
1.349565920709825839e+00,7.315967396068987938e+00,1.000000000000000000e+00
2.159790538563648887e+00,7.474410529770755929e+00,1.000000000000000000e+00
3.002206136137991699e+00,9.004769819520056728e+00,1.000000000000000000e+00
3.051240659872092920e+00,8.801933137952769215e+00,1.000000000000000000e+00
1.686878501926813101e+00,7.582874014203563995e+00,1.000000000000000000e+00
3.026299660189035734e+00,9.846872877703049198e+00,1.000000000000000000e+00
3.705697016059724014e+00,9.842604904349999018e+00,1.000000000000000000e+00
3.278968073995666810e+00,7.943834695778758004e+00,1.000000000000000000e+00
2.770076569054442661e+00,9.500100447507140444e+00,1.000000000000000000e+00
1.608460094061571866e+00,8.447436001082923696e+00,1.000000000000000000e+00
1.089880678064941932e+00,8.948454501765912283e+00,1.000000000000000000e+00
1.593090933567100631e+00,7.816015325968208138e+00,1.000000000000000000e+00
1.447046992866731774e+00,8.417229827188680957e+00,1.000000000000000000e+00
3.649615805035133942e+00,8.641388983389168388e+00,1.000000000000000000e+00
3.716483045541732366e+00,7.528740182369728196e+00,1.000000000000000000e+00
3.229800569881825734e+00,8.155898050831266843e+00,1.000000000000000000e+00
2.602227875103683807e+00,9.323924014294638241e+00,1.000000000000000000e+00
2.868237000985126350e+00,8.619964667716342177e+00,1.000000000000000000e+00
1.825310582600642384e+00,9.034839234112176598e+00,1.000000000000000000e+00
1.755462189422531738e+00,7.623058981518692434e+00,1.000000000000000000e+00
3.919129744912011049e+00,8.150567086339904677e+00,1.000000000000000000e+00
2.735618765493861737e+00,8.451112635406868634e+00,1.000000000000000000e+00
1.630440279577276552e+00,8.138225335800299831e+00,1.000000000000000000e+00
1.113142373321386991e+00,9.430396191963305697e+00,1.000000000000000000e+00
1.310742646256048083e+00,9.316326195539328836e+00,1.000000000000000000e+00
3.500299120938006325e+00,7.589677031443136102e+00,1.000000000000000000e+00
2.558699932467764171e+00,8.033550642268387776e+00,1.000000000000000000e+00
3.035730712288922106e+00,7.187482412656544639e+00,1.000000000000000000e+00
3.841490952372612622e+00,9.525099518504624996e+00,1.000000000000000000e+00
1.852725395353356674e+00,8.153743314462229108e+00,1.000000000000000000e+00
1.499049872065655986e+00,9.016377424494876891e+00,1.000000000000000000e+00
1.818576035143623315e+00,8.285073844188076464e+00,1.000000000000000000e+00
2.243829080513570773e+00,7.847779562561201239e+00,1.000000000000000000e+00
1.204773285726624898e+00,9.219954174335025954e+00,1.000000000000000000e+00
2.972791152821299576e+00,9.716734819476435803e+00,1.000000000000000000e+00
3.024656221287561841e+00,7.770765102650511125e+00,1.000000000000000000e+00
2.295941460850612348e+00,9.749253446673055379e+00,1.000000000000000000e+00
1.011103690995573068e+00,9.313526301285985909e+00,1.000000000000000000e+00
2.211708092997428654e+00,9.464400831115938217e+00,1.000000000000000000e+00
3.368637574278399160e+00,8.509433611485219373e+00,1.000000000000000000e+00
3.045866479168243490e+00,9.060388532538446782e+00,1.000000000000000000e+00
1.803656347665623549e+00,9.511058500803637017e+00,1.000000000000000000e+00
1.219429867163506653e+00,8.690880563261819347e+00,1.000000000000000000e+00
1.039307205176892790e+00,9.554946478306312940e+00,1.000000000000000000e+00
3.910520928708923094e+00,8.623004193564463904e+00,1.000000000000000000e+00
2.959101106542018300e+00,8.222339037976963638e+00,1.000000000000000000e+00
2.784619550231466789e+00,8.137996768168994421e+00,1.000000000000000000e+00
1.072268390499199420e+00,9.611593958675836546e+00,1.000000000000000000e+00
1.943192972203466651e+00,7.747776703148062438e+00,1.000000000000000000e+00
1.977311732113695708e+00,9.220988771310665300e+00,1.000000000000000000e+00
1.256807167716490703e+00,7.656759926302561858e+00,1.000000000000000000e+00
2.020877608804960701e+00,9.707361092619832377e+00,1.000000000000000000e+00
2.290841316808357231e+00,9.111169732344414740e+00,1.000000000000000000e+00
3.102205652389469215e+00,7.696233734803779036e+00,1.000000000000000000e+00
1.203350564293580449e+00,8.639989910027999542e+00,1.000000000000000000e+00
1.103237806197829407e+00,9.340167887355054432e+00,1.000000000000000000e+00
2.196648618937815378e+00,9.841024745874964452e+00,1.000000000000000000e+00
1.683969564433372756e+00,9.172992566410130166e+00,1.000000000000000000e+00
1.613127355429913701e+00,7.004707693990955164e+00,1.000000000000000000e+00
3.928569767139904911e+00,9.468468439714584406e+00,1.000000000000000000e+00
3.292184697541439942e+00,9.944953993218440758e+00,1.000000000000000000e+00
3.357939887322622941e+00,7.276041823254614016e+00,1.000000000000000000e+00
2.440376388386173101e+00,8.372457390955229783e+00,1.000000000000000000e+00
3.598071681845857128e+00,8.547478407557132840e+00,1.000000000000000000e+00
3.788005856099553981e+00,8.893822273695668912e+00,1.000000000000000000e+00
1.214495700014545987e+00,8.210772934863930672e+00,1.000000000000000000e+00
2.932395391146664476e+00,7.479812274205482225e+00,1.000000000000000000e+00
2.995161484001618302e+00,9.617720417634831875e+00,1.000000000000000000e+00
1.670989723504797908e+00,8.578744140247181349e+00,1.000000000000000000e+00
2.106807423518949562e+00,7.299719146334748388e+00,1.000000000000000000e+00
2.558499506689476899e+00,9.622595486720925351e+00,1.000000000000000000e+00
3.610756282563596820e+00,9.104799984933951151e+00,1.000000000000000000e+00
3.798201850094471865e+00,7.606996600354425375e+00,1.000000000000000000e+00
1.436900166010413482e+00,9.832654838028329181e+00,1.000000000000000000e+00
1.271979618730595174e+00,7.221377734093169742e+00,1.000000000000000000e+00
3.718831606747419638e+00,8.696661904415432076e+00,1.000000000000000000e+00
3.879620178539794573e+00,7.432904849600602049e+00,1.000000000000000000e+00
2.275649157262193967e+00,7.351550833645879024e+00,1.000000000000000000e+00
2.424638731033454508e+00,8.510220255601456785e+00,1.000000000000000000e+00
3.820734090040102338e+00,7.032891971224853656e+00,1.000000000000000000e+00
3.333851200935896486e+00,9.232908316450000541e+00,1.000000000000000000e+00
3.802288322376240259e+00,9.555877541929026719e+00,1.000000000000000000e+00
1.414492321735537850e+00,7.999100675452995191e+00,1.000000000000000000e+00
3.202399796522059638e+00,7.346854735187191565e+00,1.000000000000000000e+00
2.830652552467381788e+00,7.578121152539568861e+00,1.000000000000000000e+00
3.828722845688134591e+00,7.385925205207720445e+00,1.000000000000000000e+00
2.716810365908593372e+00,7.726553089730138879e+00,1.000000000000000000e+00
1.992186853996666951e+00,7.239924861330131023e+00,1.000000000000000000e+00
2.898869558517564116e+00,9.879063856287775280e+00,1.000000000000000000e+00
2.833713649021136316e+00,9.007499273210759938e+00,1.000000000000000000e+00
2.302902811663444016e+00,9.305343439454507148e+00,1.000000000000000000e+00
1.893670598797094540e+00,8.559023560272942532e+00,1.000000000000000000e+00
3.246460495804112778e+00,9.511723550637514180e+00,1.000000000000000000e+00
1.125058404272614387e+00,8.720110076370346519e+00,1.000000000000000000e+00
3.337208808238615099e+00,7.593884166465919350e+00,1.000000000000000000e+00
2.364443573927820452e+00,7.240645760494015093e+00,1.000000000000000000e+00
2.736133640229026831e+00,9.490635615829893013e+00,1.000000000000000000e+00
3.002915544628201872e+00,8.108153489743694209e+00,1.000000000000000000e+00
2.757690980097860844e+00,8.148348415979956627e+00,1.000000000000000000e+00
2.442221266463265650e+00,9.524742015770165438e+00,1.000000000000000000e+00
2.106981344194318595e+00,9.041500855224574806e+00,1.000000000000000000e+00
3.505338916668647720e+00,8.963132797058595003e+00,1.000000000000000000e+00
2.747487945123411546e+00,9.019664552148356051e+00,1.000000000000000000e+00
2.003161550208260699e+00,9.881915557785333704e+00,1.000000000000000000e+00
1.493172142916068257e+00,7.898799534610716044e+00,1.000000000000000000e+00
3.902592559839987096e+00,7.898446807946385206e+00,1.000000000000000000e+00
1.633710795031835694e+00,7.568177017856244859e+00,1.000000000000000000e+00
1.790134378146593708e+00,8.097929331910554751e+00,1.000000000000000000e+00
3.286988952413239407e+00,9.523319881637913653e+00,1.000000000000000000e+00
3.887497889645490368e+00,9.030586146817784154e+00,1.000000000000000000e+00
3.789444958610554970e+00,9.681078242664000300e+00,1.000000000000000000e+00
3.428325408932042517e+00,8.953065306458931616e+00,1.000000000000000000e+00
2.491442285817286884e+00,9.030915605544278080e+00,1.000000000000000000e+00
3.140718831129826860e+00,8.909669245458415432e+00,1.000000000000000000e+00
3.681211365385941292e+00,9.452481104573855930e+00,1.000000000000000000e+00
1.395084819871548865e+00,7.506024503848705010e+00,1.000000000000000000e+00
3.128175260711710592e+00,8.409718378415202977e+00,1.000000000000000000e+00
2.455847118472140433e+00,9.349545207962957960e+00,1.000000000000000000e+00
1.882963670445252813e+00,9.598259785140527356e+00,1.000000000000000000e+00
2.376186619460362248e+00,9.812007127965133080e+00,1.000000000000000000e+00
3.064257597096676555e+00,9.365013341409277103e+00,1.000000000000000000e+00
2.276555244202190575e+00,8.078879096472615373e+00,1.000000000000000000e+00
3.690071290005211058e+00,8.362812425792919058e+00,1.000000000000000000e+00
1.706895071488222726e+00,8.560162266412328691e+00,1.000000000000000000e+00
1.616001453908904706e+00,8.499002971849288102e+00,1.000000000000000000e+00
1.579612250927345363e+00,7.195326917258113575e+00,1.000000000000000000e+00
2.156672551265547799e+00,7.610148267491459784e+00,1.000000000000000000e+00
1.119603519115516477e+00,8.107420496193974202e+00,1.000000000000000000e+00
3.944754073989142462e+00,9.142640433100336139e+00,1.000000000000000000e+00
2.771897204263744641e+00,7.644873421892254051e+00,1.000000000000000000e+00
3.280061230748193335e+00,7.784543205663432275e+00,1.000000000000000000e+00
3.128108170649152253e+00,8.816982201042961265e+00,1.000000000000000000e+00
2.661396748719747407e+00,9.112374173563001278e+00,1.000000000000000000e+00
1.953260727631634275e+00,9.069286515960172324e+00,1.000000000000000000e+00
3.170986634746054467e+00,9.890722600410859044e+00,1.000000000000000000e+00
3.217080398430557153e+00,7.004214196809001258e+00,1.000000000000000000e+00
3.577714313600456997e+00,7.177747146545009116e+00,1.000000000000000000e+00
2.657926276073487859e+00,9.179065246353493635e+00,1.000000000000000000e+00
3.582246519422056075e+00,8.803334322450961480e+00,1.000000000000000000e+00
1.000145286397288391e+00,7.876690299090387981e+00,1.000000000000000000e+00
1.023263893977137240e+00,7.114231202229919226e+00,1.000000000000000000e+00
2.041217978023043500e+00,8.554633073065829763e+00,1.000000000000000000e+00
2.229427179612644139e+00,8.792694275603285092e+00,1.000000000000000000e+00
1.153907761834556123e+00,9.097694822603729747e+00,1.000000000000000000e+00
1.713416788097765986e+00,7.904695453661393145e+00,1.000000000000000000e+00
1.257013125728953629e+00,8.494781487304281953e+00,1.000000000000000000e+00
1.559706152664799728e+00,7.810361875530531073e+00,1.000000000000000000e+00
1.318832723488994940e+00,7.713802824553766868e+00,1.000000000000000000e+00
3.056973433837074872e+00,7.342682903669962791e+00,1.000000000000000000e+00
2.312949051809330747e+00,9.621456926197833326e+00,1.000000000000000000e+00
2.373709731499968889e+00,7.213937118365128853e+00,1.000000000000000000e+00
2.858163592850209156e+00,7.029873088886358090e+00,1.000000000000000000e+00
3.088881295950666406e+00,8.890003081709767940e+00,1.000000000000000000e+00
1.459865959731107665e+00,9.796727870443332264e+00,1.000000000000000000e+00
3.672870527955966136e+00,7.601954936730789036e+00,1.000000000000000000e+00
1.206557579604217612e+00,8.237002356533942304e+00,1.000000000000000000e+00
3.111315069160981217e+00,9.641276287921291654e+00,1.000000000000000000e+00
2.826832563054249015e+00,8.976737726464882883e+00,1.000000000000000000e+00
1.590329810491612594e+00,8.117551609876105800e+00,1.000000000000000000e+00
2.371285855896378081e+00,9.870872154593143932e+00,1.000000000000000000e+00
3.445376783669202858e+00,8.041460031756958671e+00,1.000000000000000000e+00
1.123515434943319402e+00,8.828417667074420550e+00,1.000000000000000000e+00
2.581134123363835631e+00,8.072297349361782892e+00,1.000000000000000000e+00
2.751609952523809799e+00,9.785910023439775784e+00,1.000000000000000000e+00
3.678988199330317066e+00,9.924278752699700945e+00,1.000000000000000000e+00
2.560960930312694117e+00,7.591969616143860122e+00,1.000000000000000000e+00
3.075324512069836924e+00,8.707338174664064567e+00,1.000000000000000000e+00
3.256949990637577397e+00,7.437894818490222271e+00,1.000000000000000000e+00
1.673618512274406722e+00,7.977379576914492176e+00,1.000000000000000000e+00
3.251512020572012052e+00,7.435068237472975738e+00,1.000000000000000000e+00
2.087944669035940226e+00,9.815412246734322110e+00,1.000000000000000000e+00
1.106469200497157690e+00,9.241575792362512587e+00,1.000000000000000000e+00
2.029829012855771886e+00,9.207979952131864820e+00,1.000000000000000000e+00
1.495342715771540210e+00,9.593875873066659565e+00,1.000000000000000000e+00
1.942681501208598061e+00,9.167024831688383557e+00,1.000000000000000000e+00
1.440097157464962141e+00,9.496245786862775873e+00,1.000000000000000000e+00
1.985834797589227207e+00,7.112079733887972210e+00,1.000000000000000000e+00
3.808012083480249110e+00,7.410049653338018238e+00,1.000000000000000000e+00
2.560970984205887202e+00,7.829716685378964591e+00,1.000000000000000000e+00
2.446754251468002295e+00,7.350725898624975940e+00,1.000000000000000000e+00
3.304080251560494119e+00,7.812151482854178930e+00,1.000000000000000000e+00
2.191061918650884621e+00,9.744411442342194363e+00,1.000000000000000000e+00
1.355885940084978536e+00,8.224326428664314292e+00,1.000000000000000000e+00
2.194921312696311411e+00,9.295882880173675034e+00,1.000000000000000000e+00
3.722287859018023504e+00,9.941371609688577138e+00,1.000000000000000000e+00
2.728123358954094524e+00,9.032098768605466788e+00,1.000000000000000000e+00
3.167814870914380521e+00,7.330638247025776266e+00,1.000000000000000000e+00
3.932860291481920179e+00,8.141638330218825104e+00,1.000000000000000000e+00
2.537959710785000045e+00,7.307178838409943644e+00,1.000000000000000000e+00
2.042296506871797312e+00,9.732034384174488295e+00,1.000000000000000000e+00
1.693582902992762262e+00,7.577349858879040667e+00,1.000000000000000000e+00
2.055654574193824136e+00,9.571003079198664665e+00,1.000000000000000000e+00
2.675361988120253276e+00,8.906053046310072219e+00,1.000000000000000000e+00
3.564507489864003453e+00,8.990949330882717305e+00,1.000000000000000000e+00
3.286629203946865641e+00,9.497367520130406859e+00,1.000000000000000000e+00
2.724851824509337384e+00,9.310334753817887332e+00,1.000000000000000000e+00
2.043572407028594995e+00,7.448931801069983649e+00,1.000000000000000000e+00
1.281303933847284915e+00,7.799428510602057329e+00,1.000000000000000000e+00
1.882957003838836130e+00,7.718444971607250515e+00,1.000000000000000000e+00
3.303026656147640239e+00,9.319467148104923382e+00,1.000000000000000000e+00
3.065848552095458590e+00,7.046233310023109375e+00,1.000000000000000000e+00
1.490919985787351632e+00,7.356160559972111379e+00,1.000000000000000000e+00
1.267498872906966945e+00,7.722620131457620829e+00,1.000000000000000000e+00
3.628889813035439005e+00,8.247239566830552704e+00,1.000000000000000000e+00
3.209494500523737415e+00,8.052029629947998757e+00,1.000000000000000000e+00
2.459668483779246184e+00,9.642667090681319664e+00,1.000000000000000000e+00
3.992528612473359662e+00,8.547985860839279582e+00,1.000000000000000000e+00
1.702843367164877719e+00,8.719732797365626453e+00,1.000000000000000000e+00
1.845970083404037343e+00,7.001785964702886389e+00,1.000000000000000000e+00
1.307060657135074910e+00,9.215873209278329981e+00,1.000000000000000000e+00
2.908083976836762563e+00,9.018675781651017687e+00,1.000000000000000000e+00
3.015894243831396704e+00,8.441593459159500767e+00,1.000000000000000000e+00
1.160681880905717334e+00,8.094459525280623069e+00,1.000000000000000000e+00
1.230240218505062710e+00,8.191319523929536217e+00,1.000000000000000000e+00
3.076516800016280140e+00,8.344645878366106828e+00,1.000000000000000000e+00
2.200250923758943156e+00,9.190033395320913456e+00,1.000000000000000000e+00
2.841253614430629071e+00,7.917350757085601209e+00,1.000000000000000000e+00
1.246820720626774515e+00,8.712964754792407618e+00,1.000000000000000000e+00
3.526677484512560135e+00,8.205898284531008002e+00,1.000000000000000000e+00
1.839672801214412790e+00,9.105927353930756141e+00,1.000000000000000000e+00
3.065948263632454651e+00,9.677192692332015511e+00,1.000000000000000000e+00
3.898257688753349548e+00,8.480454251952131983e+00,1.000000000000000000e+00
2.309270465906299918e+00,9.245902814083994059e+00,1.000000000000000000e+00
2.208947209000322154e+00,8.451760598341239827e+00,1.000000000000000000e+00
3.735281405410371125e+00,8.182111449404862569e+00,1.000000000000000000e+00
1.761986307366757432e+00,7.587423856788070964e+00,1.000000000000000000e+00
2.913148602665742271e+00,7.009450530908471144e+00,1.000000000000000000e+00
1.759261669669514472e+00,7.336824325701310379e+00,1.000000000000000000e+00
3.402368304225162454e+00,8.421142626694978262e+00,1.000000000000000000e+00
3.219330925609669602e+00,9.329205996536476420e+00,1.000000000000000000e+00
1.819974560180368517e+00,8.172206940894065852e+00,1.000000000000000000e+00
3.847218027672010265e+00,7.973099786031062841e+00,1.000000000000000000e+00
2.619106693564424937e+00,8.305099837461487056e+00,1.000000000000000000e+00
1.961498214280854802e+00,8.314012485538949448e+00,1.000000000000000000e+00
3.817147750572885023e+00,8.419509883431965491e+00,1.000000000000000000e+00
3.894599263919654941e+00,9.792580413342665935e+00,1.000000000000000000e+00
3.274990465728148337e+00,7.382214239721156090e+00,1.000000000000000000e+00
3.002238330746539230e+00,9.448061626813883507e+00,1.000000000000000000e+00
1.939871493227986576e+00,9.296381802647433190e+00,1.000000000000000000e+00
2.288745092726753416e+00,8.429754931595928369e+00,1.000000000000000000e+00
1.949227747620499773e+00,9.437369174101680969e+00,1.000000000000000000e+00
1.015715653580773203e+00,8.230516716888008233e+00,1.000000000000000000e+00
1.375574742536715078e+00,7.319922204283265010e+00,1.000000000000000000e+00
1.681170721140410107e+00,9.172381717563963477e+00,1.000000000000000000e+00
3.767792577424277756e+00,7.858580167332150701e+00,1.000000000000000000e+00
1.015273378323443110e+00,9.402979457367875327e+00,1.000000000000000000e+00
1.454283385362867609e+00,7.583982500813680083e+00,1.000000000000000000e+00
1.018787873362106300e+00,8.037274008012419202e+00,1.000000000000000000e+00
1.199825252960227573e+00,9.863983709171305847e+00,1.000000000000000000e+00
2.392000403489650040e+00,8.731015582825040866e+00,1.000000000000000000e+00
1.159232304801495639e+00,9.123697201478915275e+00,1.000000000000000000e+00
2.787633902458917401e+00,7.817984218261660345e+00,1.000000000000000000e+00
3.231508407636634050e+00,7.213601304819258431e+00,1.000000000000000000e+00
2.869534506347493075e+00,7.713020110626667147e+00,1.000000000000000000e+00
1.137619748375756412e+00,7.478904563338510947e+00,1.000000000000000000e+00
1.906823814434801978e+00,8.385071375895657653e+00,1.000000000000000000e+00
3.401168371768693355e+00,8.781993650167743581e+00,1.000000000000000000e+00
3.172203605845213659e+00,8.824731937873110610e+00,1.000000000000000000e+00
1.572102914279176478e+00,7.559790537405707056e+00,1.000000000000000000e+00
2.398607298738792970e+00,7.164309895684742635e+00,1.000000000000000000e+00
1.055218871537230152e+00,7.787990511405300964e+00,1.000000000000000000e+00
2.183002839540758355e+00,9.453304030836232386e+00,1.000000000000000000e+00
2.354422967631883967e+00,8.045433206578568530e+00,1.000000000000000000e+00
1.553029260999267303e+00,8.367294153149789082e+00,1.000000000000000000e+00
1.249394241419396812e+00,7.603270110544271709e+00,1.000000000000000000e+00
3.952209850900211929e+00,8.883296796787936600e+00,1.000000000000000000e+00
2.653080564662579910e+00,9.496745835142567316e+00,1.000000000000000000e+00
1.944249548789470428e+00,8.399104655973840039e+00,1.000000000000000000e+00
1.644737149676143151e+00,8.419458006435078801e+00,1.000000000000000000e+00
2.146913896660187504e+00,7.789689307948441055e+00,1.000000000000000000e+00
2.555813098086756163e+00,7.916587759647202738e+00,1.000000000000000000e+00
3.853106925434345964e+00,7.798421673279916533e+00,1.000000000000000000e+00
1.829096006398861274e+00,7.888134206347803712e+00,1.000000000000000000e+00
1.597932183877174506e+00,8.258602710792434465e+00,1.000000000000000000e+00
1.051434761763976322e+00,9.370648607425124510e+00,1.000000000000000000e+00
2.879123730032584039e+00,7.246995255684264059e+00,1.000000000000000000e+00
2.724361952683838517e+00,9.742297746059769281e+00,1.000000000000000000e+00
1.027177422881582203e+00,8.326098381277693861e+00,1.000000000000000000e+00
2.655707795488532419e+00,9.643080053658184880e+00,1.000000000000000000e+00
2.193267504287002900e+00,7.342511208164218317e+00,1.000000000000000000e+00
3.049808342866598743e+00,7.288296859634748159e+00,1.000000000000000000e+00
3.204075778915859374e+00,9.586249540849069106e+00,1.000000000000000000e+00
3.975176772428093308e+00,9.414260945577439088e+00,1.000000000000000000e+00
2.734739034692108106e+00,7.275574166746219262e+00,1.000000000000000000e+00
2.083315888183063347e+00,9.052411153723898707e+00,1.000000000000000000e+00
3.874129177244906685e+00,7.145527029756880921e+00,1.000000000000000000e+00
1.171508889210117088e+00,9.658051725156832745e+00,1.000000000000000000e+00
2.746732498575063630e+00,8.057684341449494525e+00,1.000000000000000000e+00
3.989912532648021593e+00,8.688405556247236206e+00,1.000000000000000000e+00
2.283930466413854443e+00,8.869803267688233461e+00,1.000000000000000000e+00
2.760898332654276643e+00,9.777940141687597730e+00,1.000000000000000000e+00
2.883466375688186645e+00,8.302722698830582004e+00,1.000000000000000000e+00
3.990083033819071368e+00,9.060250775248810839e+00,1.000000000000000000e+00
1.452495516395283959e+00,8.941177580933734603e+00,1.000000000000000000e+00
1.325363579104705147e+00,8.184964840460896340e+00,1.000000000000000000e+00
2.334786009237755255e+00,7.769169492998330817e+00,1.000000000000000000e+00
3.019238445187249376e+00,9.302133339643411603e+00,1.000000000000000000e+00
2.837728615119955222e+00,9.165912472677110401e+00,1.000000000000000000e+00
2.473013096592189708e+00,8.280411572939181397e+00,1.000000000000000000e+00
2.920423706023406396e+00,9.721805376849856017e+00,1.000000000000000000e+00
2.690482977681372567e+00,9.346999265659890810e+00,1.000000000000000000e+00
1.295217504302788702e+00,9.521742288280574229e+00,1.000000000000000000e+00
1.275509352779841787e+00,7.177003706669445648e+00,1.000000000000000000e+00
2.478807220630183661e+00,8.374683136078603596e+00,1.000000000000000000e+00
3.354277939997786451e+00,8.176576338349692108e+00,1.000000000000000000e+00
2.450563526036658502e+00,8.980134493531918949e+00,1.000000000000000000e+00
2.718343096120580782e+00,7.092107922685640276e+00,1.000000000000000000e+00
1.698389954759879972e+00,8.909028570852692397e+00,1.000000000000000000e+00
1.375762018294755640e+00,8.030617717512567921e+00,1.000000000000000000e+00
1.388110297447523234e+00,9.805848531846265814e+00,1.000000000000000000e+00
3.660402103120827810e+00,9.676466714701135174e+00,1.000000000000000000e+00
1.941059382133823119e+00,7.451469151166196347e+00,1.000000000000000000e+00
1.932131354900943787e+00,7.411038541928052226e+00,1.000000000000000000e+00
2.651551860306707198e+00,7.093195033410638395e+00,1.000000000000000000e+00
1.775431107646587181e+00,7.923848279951236862e+00,1.000000000000000000e+00
2.748482395781526755e+00,8.369641823616055021e+00,1.000000000000000000e+00
3.680711149481486366e+00,8.241652671081251214e+00,1.000000000000000000e+00
2.540252384222958515e+00,8.685303741232482722e+00,1.000000000000000000e+00
1.329261094839273349e+00,8.292648220264734249e+00,1.000000000000000000e+00
2.067793532676994062e+00,9.431009195440172022e+00,1.000000000000000000e+00
2.745680994513401529e+00,9.152895652191368470e+00,1.000000000000000000e+00
1.600536711428599546e+00,8.362771820205683326e+00,1.000000000000000000e+00
1.081457377928550789e+00,8.181446941435311260e+00,1.000000000000000000e+00
1.968594674518062249e+00,9.679269208625216336e+00,1.000000000000000000e+00
3.957476214130483338e+00,9.721135626433564880e+00,1.000000000000000000e+00
1.527659925652092632e+00,7.180902510344095546e+00,1.000000000000000000e+00
3.314798419736404433e+00,8.007309496777443414e+00,1.000000000000000000e+00
3.830895168414097718e+00,8.096037462926506834e+00,1.000000000000000000e+00
2.232190247592928500e+00,8.092118054731407994e+00,1.000000000000000000e+00
3.887958569385908447e+00,9.900680697622249227e+00,1.000000000000000000e+00
1.899272926447815202e+00,8.100003154056924615e+00,1.000000000000000000e+00
1.808034920273382529e+00,9.970055795095198903e+00,1.000000000000000000e+00
3.637974584391178379e+00,7.973319906022661385e+00,1.000000000000000000e+00
3.188211007745255898e+00,7.866255392241626510e+00,1.000000000000000000e+00
2.528118651575859577e+00,8.995222840005755671e+00,1.000000000000000000e+00
2.939731276674007798e+00,8.211983057249542028e+00,1.000000000000000000e+00
2.014938525809535363e+00,7.407741186224022556e+00,1.000000000000000000e+00
3.845398122055412315e+00,9.686225763188215154e+00,1.000000000000000000e+00
1.985474786926228585e+00,7.821584746500187535e+00,1.000000000000000000e+00
2.864090264895819971e+00,9.904545591079568112e+00,1.000000000000000000e+00
3.512240137415470365e+00,7.136223718499121738e+00,1.000000000000000000e+00
2.969427964526866415e+00,9.173298403635413933e+00,1.000000000000000000e+00
3.208854922269283705e+00,9.380844936598823125e+00,1.000000000000000000e+00
3.053959737631886995e+00,9.216160877695690701e+00,1.000000000000000000e+00
3.757817440381925778e+00,9.391228474041161789e+00,1.000000000000000000e+00
1.595460334382035494e+00,9.413680703848413600e+00,1.000000000000000000e+00
1.443604266888320886e+00,7.958877556354504890e+00,1.000000000000000000e+00
2.070785879210698344e+00,9.219917102429453948e+00,1.000000000000000000e+00
1.013867000330276547e+00,8.912346585261893495e+00,1.000000000000000000e+00
1.320812487879288621e+00,8.914000281224781830e+00,1.000000000000000000e+00
3.633311080134572713e+00,9.769799656217720951e+00,1.000000000000000000e+00
3.189356871146451056e+00,9.788742666403903669e+00,1.000000000000000000e+00
2.195550727680851022e+00,8.147191683254686012e+00,1.000000000000000000e+00
1.079996110289904498e+00,9.477138400170101562e+00,1.000000000000000000e+00
2.039783096294164544e+00,9.423152534141088665e+00,1.000000000000000000e+00
3.219789694383139889e+00,7.711916474004774535e+00,1.000000000000000000e+00
1.505741331618575929e+00,7.801816070000251457e+00,1.000000000000000000e+00
2.506094241434552394e+00,7.505463619688373278e+00,1.000000000000000000e+00
2.356824977517506081e+00,7.100803076279342818e+00,1.000000000000000000e+00
2.924284786815740222e+00,8.659180804352292427e+00,1.000000000000000000e+00
2.177816536925280211e+00,9.792342870342304550e+00,1.000000000000000000e+00
1.330944945743876229e+00,9.989564571482027588e+00,1.000000000000000000e+00
2.946098545853922168e+00,8.596168457673194041e+00,1.000000000000000000e+00
1.733848839959612587e+00,8.081102554663637250e+00,1.000000000000000000e+00
3.951455015442103758e+00,7.256577720038910329e+00,1.000000000000000000e+00
2.822862699932487285e+00,8.165385337348304517e+00,1.000000000000000000e+00
2.792173119266253778e+00,7.328717398541601646e+00,1.000000000000000000e+00
3.177501457760622650e+00,8.344536316422335176e+00,1.000000000000000000e+00
3.408393644577222936e+00,7.816581211867004164e+00,1.000000000000000000e+00
1.928442893079540088e+00,8.204301653594663790e+00,1.000000000000000000e+00
3.803516516805470538e+00,9.607955981431953063e+00,1.000000000000000000e+00
2.851356787667655546e+00,9.468160393411878317e+00,1.000000000000000000e+00
2.885849148744007664e+00,9.758931327977219183e+00,1.000000000000000000e+00
1.439131115461763866e+00,9.347555055635103471e+00,1.000000000000000000e+00
3.167322227592237471e+00,8.150801265093676307e+00,1.000000000000000000e+00
2.816462341442158568e+00,7.456275689434450626e+00,1.000000000000000000e+00
2.520264237533885954e+00,7.161027213402451963e+00,1.000000000000000000e+00
3.976675245565588490e+00,9.244198437694038262e+00,1.000000000000000000e+00
2.942801139253465870e+00,8.794155705158200220e+00,1.000000000000000000e+00
2.673360437243359922e+00,9.364348120135412401e+00,1.000000000000000000e+00
2.618627615691655475e+00,9.916624744519157986e+00,1.000000000000000000e+00
3.075824064129002444e+00,8.510295372115191270e+00,1.000000000000000000e+00
2.584251055130710739e+00,8.773418167487703201e+00,1.000000000000000000e+00
1.465401620194770160e+00,9.658606544820903750e+00,1.000000000000000000e+00
2.048083032556863081e+00,8.756807146403360775e+00,1.000000000000000000e+00
1.241176623516872857e+00,9.650886891583279947e+00,1.000000000000000000e+00
2.517129871321575507e+00,7.836261849311979333e+00,1.000000000000000000e+00
2.953616727275022225e+00,7.585651813875353255e+00,1.000000000000000000e+00
2.654550439017121732e+00,8.264152257795336354e+00,1.000000000000000000e+00
3.615008421790590454e+00,8.922811183036934324e+00,1.000000000000000000e+00
2.769175424279872733e+00,8.410122855380782525e+00,1.000000000000000000e+00
3.263652978477692201e+00,8.987897778900480361e+00,1.000000000000000000e+00
2.241122049801527627e+00,7.102214397685081337e+00,1.000000000000000000e+00
3.673341755279333487e+00,9.272536719870172917e+00,1.000000000000000000e+00
3.167737807179817455e+00,9.626421090062731167e+00,1.000000000000000000e+00
2.947378234937477526e+00,7.043341363141627731e+00,1.000000000000000000e+00
1.515209944161670652e+00,7.233964920107298191e+00,1.000000000000000000e+00
3.853278691522605381e+00,9.754884210768281605e+00,1.000000000000000000e+00
1.943627121051120232e+00,7.733480033185649027e+00,1.000000000000000000e+00
2.416860739978694106e+00,9.009734090131608752e+00,1.000000000000000000e+00
3.191303832532235152e+00,9.500554685144079414e+00,1.000000000000000000e+00
1.968660120821441595e+00,9.127520093985166838e+00,1.000000000000000000e+00
1.772877304100689777e+00,9.845755690418318551e+00,1.000000000000000000e+00
2.358840053934340819e+00,7.008227281363917704e+00,1.000000000000000000e+00
3.418812909266200073e+00,7.047994170768852484e+00,1.000000000000000000e+00
1.969551462189270907e+00,8.228200520545236429e+00,1.000000000000000000e+00
2.210672315393398257e+00,9.386034515123380828e+00,1.000000000000000000e+00
1.711213812347747831e+00,8.552005848282565381e+00,1.000000000000000000e+00
3.967025679606991595e+00,8.393060521234772864e+00,1.000000000000000000e+00
3.195359800079426105e+00,9.274579185641918855e+00,1.000000000000000000e+00
3.571687423677862849e+00,7.748562668970664369e+00,1.000000000000000000e+00
1.299678028137097652e+00,7.455849984322502344e+00,1.000000000000000000e+00
1.029345659638891908e+00,7.028555077086444669e+00,1.000000000000000000e+00
3.735980419406638831e+00,9.810484671229783515e+00,1.000000000000000000e+00
3.877475606821111587e+00,7.938111711639771251e+00,1.000000000000000000e+00
3.570530876899558947e+00,7.170181030106539843e+00,1.000000000000000000e+00
3.233228819920216601e+00,9.899874147904281330e+00,1.000000000000000000e+00
3.561871667386293350e+00,8.349724627928836185e+00,1.000000000000000000e+00
1.349142288058461814e+00,7.043647759371419959e+00,1.000000000000000000e+00
2.378815949180108635e+00,9.248432378039510127e+00,1.000000000000000000e+00
2.614348988189838519e+00,8.933165446013415334e+00,1.000000000000000000e+00
1.861755951001132114e+00,9.008073286879849206e+00,1.000000000000000000e+00
3.709036023363522006e+00,7.799099134072427830e+00,1.000000000000000000e+00
3.554523915739701501e+00,9.813771432571378739e+00,1.000000000000000000e+00
2.418549446477294751e+00,7.545561146494887517e+00,1.000000000000000000e+00
2.789138555637299177e+00,8.215065545485671805e+00,1.000000000000000000e+00
3.566543178071473363e+00,7.290803064756463669e+00,1.000000000000000000e+00
3.239062471019345413e+00,7.208918836759092841e+00,1.000000000000000000e+00
3.192036288796776144e+00,9.140259759157705943e+00,1.000000000000000000e+00
2.339220172356231586e+00,7.110849583587975253e+00,1.000000000000000000e+00
3.040325600343077639e+00,7.845397217239965748e+00,1.000000000000000000e+00
2.747081781065966233e+00,8.071465338942143575e+00,1.000000000000000000e+00
2.038744650144588277e+00,9.544720088622595355e+00,1.000000000000000000e+00
3.981752964357682778e+00,8.774269132685075689e+00,1.000000000000000000e+00
1.712912046253844522e+00,8.871867474642485263e+00,1.000000000000000000e+00
3.335147706448155169e+00,7.746613675222997486e+00,1.000000000000000000e+00
3.647544524982186509e+00,9.399932992453788216e+00,1.000000000000000000e+00
1.630436254359629356e+00,9.404044918837854539e+00,1.000000000000000000e+00
2.527374188452080617e+00,8.189180327748099231e+00,1.000000000000000000e+00
3.994471807197546909e+00,7.376315167027122754e+00,1.000000000000000000e+00
2.768617888314085729e+00,9.039712961793517465e+00,1.000000000000000000e+00
1.887020477096089666e+00,9.632098193425061794e+00,1.000000000000000000e+00
3.858020250856333710e+00,7.109166878225230413e+00,1.000000000000000000e+00
3.250547416483094310e+00,9.858443245497753082e+00,1.000000000000000000e+00
2.698712233740648170e+00,7.740284178926463809e+00,1.000000000000000000e+00
1.566397770277436763e+00,8.093672625239580753e+00,1.000000000000000000e+00
2.772285143367600124e+00,9.015962025414598457e+00,1.000000000000000000e+00
1.904205773238780708e+00,7.266952687954649548e+00,1.000000000000000000e+00
2.559847159894244939e+00,9.490641028749021046e+00,1.000000000000000000e+00
1.158475426178599221e+00,8.334231180282449358e+00,1.000000000000000000e+00
2.150219413281444503e+00,7.685115519685426833e+00,1.000000000000000000e+00
3.818042853522329416e+00,7.062429148327035833e+00,1.000000000000000000e+00
1.658440697780091400e+00,8.737558862705167684e+00,1.000000000000000000e+00
2.338510054302608943e+00,7.057935034383164385e+00,1.000000000000000000e+00
2.054391885997902012e+00,9.037978380692416991e+00,1.000000000000000000e+00
3.376393159318213932e+00,7.259229346597799726e+00,1.000000000000000000e+00
1.854502927606132445e+00,7.878034363785747729e+00,1.000000000000000000e+00
3.207711425917500581e+00,9.092555764658889927e+00,1.000000000000000000e+00
2.581460385643793209e+00,7.044988347560970254e+00,1.000000000000000000e+00
2.787428848379791546e+00,7.470969349196924014e+00,1.000000000000000000e+00
7.662470787191903554e+00,1.836408522888082429e+00,1.000000000000000000e+00
8.764966343862285569e+00,3.341345520695987670e+00,1.000000000000000000e+00
7.139467508428460896e+00,2.939847564652701362e+00,-1.000000000000000000e+00
9.799549914471757717e+00,1.284254355883968746e+00,1.000000000000000000e+00
7.843440065862851363e+00,1.201602798224290058e+00,1.000000000000000000e+00
7.821717731154784303e+00,3.731252759305430544e+00,-1.000000000000000000e+00
7.560899167738412530e+00,3.353765446515327930e+00,1.000000000000000000e+00
7.975507826392283839e+00,3.417732677544720321e+00,-1.000000000000000000e+00
9.725624449724154630e+00,3.305080159210691981e+00,-1.000000000000000000e+00
9.507921304481532943e+00,3.235981078450904658e+00,1.000000000000000000e+00
8.037311762366735834e+00,2.564519763099884386e+00,-1.000000000000000000e+00
9.586452482761952609e+00,2.838117336879145469e+00,1.000000000000000000e+00
7.913433775160743977e+00,1.301977128732226596e+00,-1.000000000000000000e+00
9.933891016619320169e+00,3.193214593135235813e+00,-1.000000000000000000e+00
7.259325453360110814e+00,3.706634065604059280e+00,1.000000000000000000e+00
9.145019916587660447e+00,3.399906621523240524e+00,-1.000000000000000000e+00
8.812979778806024456e+00,3.343794934243205397e+00,-1.000000000000000000e+00
8.000517528640694209e+00,1.590614617489422233e+00,-1.000000000000000000e+00
9.152076810680364716e+00,2.349359947324868081e+00,1.000000000000000000e+00
7.457713262313387936e+00,3.500323867463458249e+00,1.000000000000000000e+00
7.343788954947383374e+00,2.988725387890827534e+00,1.000000000000000000e+00
8.811491132556014350e+00,1.694330330249648853e+00,-1.000000000000000000e+00
8.534210574196022137e+00,2.441170032170549398e+00,-1.000000000000000000e+00
9.213677374650707463e+00,2.093887032621260413e+00,-1.000000000000000000e+00
9.625040694955806941e+00,2.183124904260486332e+00,-1.000000000000000000e+00
7.856797642739798526e+00,2.555992398698462065e+00,-1.000000000000000000e+00
7.962730649112391923e+00,1.244354544926939976e+00,-1.000000000000000000e+00
7.455188925086966734e+00,1.965561271313304825e+00,1.000000000000000000e+00
9.755780511493016505e+00,1.281584757909643102e+00,-1.000000000000000000e+00
8.726559811311876302e+00,3.335979347686542695e+00,-1.000000000000000000e+00
7.097680062944604629e+00,2.062663448794529231e+00,-1.000000000000000000e+00
8.265159069753444498e+00,1.377082234180247777e+00,-1.000000000000000000e+00
7.495948468110643859e+00,1.679129331268403025e+00,-1.000000000000000000e+00
7.202225675671603433e+00,3.192677838587708372e+00,-1.000000000000000000e+00
8.413315839890293191e+00,3.486846195456898112e+00,-1.000000000000000000e+00
9.512261448849120171e+00,1.285072168693107031e+00,-1.000000000000000000e+00
9.288843974291772554e+00,1.440259165806767161e+00,1.000000000000000000e+00
8.589546359214782711e+00,2.348787401980308331e+00,-1.000000000000000000e+00
8.826487190816596495e+00,2.066132515338393816e+00,-1.000000000000000000e+00
8.978439471063085264e+00,1.924496343726818548e+00,1.000000000000000000e+00
9.899449180815199867e+00,3.959988496993021467e+00,1.000000000000000000e+00
9.552938422484027470e+00,1.807800508781742810e+00,-1.000000000000000000e+00
7.836579783089891116e+00,3.614393825040112862e+00,1.000000000000000000e+00
8.914749631275411090e+00,1.528833024410172658e+00,-1.000000000000000000e+00
7.098503907348367115e+00,1.485421835793923950e+00,1.000000000000000000e+00
7.419582083484201895e+00,2.287526068790017852e+00,-1.000000000000000000e+00
9.770368365397494870e+00,1.156350302155058962e+00,1.000000000000000000e+00
9.681354991559295797e+00,2.143989066935691135e+00,-1.000000000000000000e+00
7.113817623688170499e+00,2.800422192269783395e+00,-1.000000000000000000e+00
9.090739126469681963e+00,3.797250940838160282e+00,1.000000000000000000e+00
7.706691771999095053e+00,2.382260660302636168e+00,-1.000000000000000000e+00
7.408894227465658844e+00,2.262578406364721406e+00,-1.000000000000000000e+00
8.453819160063435589e+00,2.113921320428456152e+00,1.000000000000000000e+00
9.649331828623651575e+00,1.517599800268191856e+00,-1.000000000000000000e+00
8.514283548186512007e+00,1.867852817425771139e+00,1.000000000000000000e+00
9.904331211096060628e+00,2.926925291322391764e+00,-1.000000000000000000e+00
8.756971289944573300e+00,3.876221874916802701e+00,-1.000000000000000000e+00
8.166200993827487764e+00,1.748127390567927097e+00,-1.000000000000000000e+00
7.170222889721578063e+00,2.213068416570019181e+00,1.000000000000000000e+00
8.264482022358135893e+00,3.068659932046349681e+00,-1.000000000000000000e+00
7.852652387464885031e+00,3.848693900834915915e+00,-1.000000000000000000e+00
8.346927208436072831e+00,1.117496690120323599e+00,-1.000000000000000000e+00
9.195469337140988131e+00,1.549923576377258527e+00,-1.000000000000000000e+00
9.234330561800831561e+00,2.232810606264653330e+00,-1.000000000000000000e+00
8.835270420981490958e+00,2.255129637416265709e+00,-1.000000000000000000e+00
9.236681935306730651e+00,3.999963875157891646e+00,-1.000000000000000000e+00
8.410374201198386857e+00,2.755966109545127996e+00,1.000000000000000000e+00
8.513411035716442754e+00,1.628821065941012280e+00,-1.000000000000000000e+00
9.582934750669908297e+00,3.834373339398443381e+00,-1.000000000000000000e+00
7.379322697561839561e+00,1.690688725149763094e+00,1.000000000000000000e+00
7.624382395867394635e+00,3.046477614514871313e+00,-1.000000000000000000e+00
9.465052737721702414e+00,1.628913726157442010e+00,1.000000000000000000e+00
7.769041151533296663e+00,3.375756711326659332e+00,-1.000000000000000000e+00
8.515298121707978396e+00,2.225744964522855085e+00,-1.000000000000000000e+00
7.512999988354730263e+00,2.064034147991439916e+00,-1.000000000000000000e+00
8.926771764009556520e+00,2.876697750739520387e+00,-1.000000000000000000e+00
7.459822080092329166e+00,2.882438643265274880e+00,-1.000000000000000000e+00
7.447011691271493206e+00,3.588315788750065405e+00,1.000000000000000000e+00
9.379311697627915834e+00,1.632362988046916596e+00,-1.000000000000000000e+00
7.392279472555368436e+00,1.565676791968039883e+00,-1.000000000000000000e+00
9.136292045463729750e+00,2.207684426091895524e+00,1.000000000000000000e+00
7.199723060393679930e+00,3.857633356103413735e+00,-1.000000000000000000e+00
9.984877995888107094e+00,3.188288648932983360e+00,1.000000000000000000e+00
9.200225585375381598e+00,3.051174755304926656e+00,-1.000000000000000000e+00
8.863663549785169238e+00,1.521812737401663007e+00,-1.000000000000000000e+00
8.449367635900243201e+00,2.476958821108550701e+00,-1.000000000000000000e+00
7.690299072430819116e+00,1.668052916538287356e+00,-1.000000000000000000e+00
9.412746868718569360e+00,2.818596695513504446e+00,-1.000000000000000000e+00
8.748899876466698089e+00,2.028125611930110317e+00,1.000000000000000000e+00
7.790068647461580120e+00,3.330849204011000708e+00,1.000000000000000000e+00
8.735404998734701110e+00,2.569634339800884959e+00,-1.000000000000000000e+00
9.960394887586023316e+00,1.812019549686824327e+00,-1.000000000000000000e+00
9.486212943006446352e+00,1.875980073819338623e+00,-1.000000000000000000e+00
9.780669002050446537e+00,1.721710662256605406e+00,-1.000000000000000000e+00
9.612984876931546907e+00,3.212248028975757119e+00,-1.000000000000000000e+00
8.262359324410175176e+00,3.003763058344776304e+00,-1.000000000000000000e+00
9.665977492751132161e+00,2.413079729926224992e+00,-1.000000000000000000e+00
7.258251389158779432e+00,2.854932956910533726e+00,-1.000000000000000000e+00
7.595020174805658719e+00,1.394901673534663988e+00,1.000000000000000000e+00
9.003750649727134459e+00,1.238704348170391878e+00,1.000000000000000000e+00
8.297326089379899017e+00,3.213485516362766248e+00,-1.000000000000000000e+00
7.099016699733251556e+00,1.097830836169489066e+00,-1.000000000000000000e+00
7.950127603716437008e+00,3.701114172666495339e+00,-1.000000000000000000e+00
8.033277676277421619e+00,2.159271342629385249e+00,1.000000000000000000e+00
9.128877379726223040e+00,2.204152623519624044e+00,-1.000000000000000000e+00
8.110831176394521336e+00,1.132753830532318373e+00,1.000000000000000000e+00
9.684135986740114888e+00,3.354165670326332727e+00,-1.000000000000000000e+00
7.916064604646021685e+00,3.363129993085256508e+00,-1.000000000000000000e+00
7.919949423005673950e+00,3.226845490948409001e+00,1.000000000000000000e+00
7.245298379570950686e+00,2.609647282500859422e+00,-1.000000000000000000e+00
8.574287183175288263e+00,1.176526352482505366e+00,-1.000000000000000000e+00
8.640205867108807780e+00,2.846320262082266073e+00,-1.000000000000000000e+00
7.933911991004101161e+00,3.288083616695197442e+00,-1.000000000000000000e+00
7.947564708423584534e+00,1.796300853683285625e+00,1.000000000000000000e+00
8.610984395295282923e+00,2.627679438660510236e+00,-1.000000000000000000e+00
8.689268456511326733e+00,2.334199712098716351e+00,1.000000000000000000e+00
8.322090704446717169e+00,2.808949855491119418e+00,-1.000000000000000000e+00
9.661294197201870659e+00,2.931310702631982679e+00,1.000000000000000000e+00
7.412182674769585589e+00,1.373871954206912216e+00,-1.000000000000000000e+00
7.294017447316685221e+00,2.514085571180229906e+00,-1.000000000000000000e+00
9.011718672294739108e+00,3.852129902424506369e+00,1.000000000000000000e+00
7.382638094245499438e+00,1.593657426983686509e+00,1.000000000000000000e+00
7.430433046381389239e+00,2.206738697687452344e+00,-1.000000000000000000e+00
8.151543645082066192e+00,2.008499629715404744e+00,1.000000000000000000e+00
7.818020827100555792e+00,2.908876837942543592e+00,-1.000000000000000000e+00
9.547230692732071589e+00,3.052717417232091890e+00,-1.000000000000000000e+00
8.308100638280581762e+00,2.939856843068566761e+00,-1.000000000000000000e+00
8.785593335951652705e+00,2.933087111134731639e+00,1.000000000000000000e+00
9.904689224317968055e+00,2.229559517733108898e+00,-1.000000000000000000e+00
8.961521179827041550e+00,3.441633961957434984e+00,-1.000000000000000000e+00
8.569273501601490040e+00,1.575905420914923027e+00,1.000000000000000000e+00
9.906537898015596255e+00,1.412247199963513555e+00,-1.000000000000000000e+00
8.713828494396565816e+00,1.934062899258106594e+00,-1.000000000000000000e+00
9.366513225066377402e+00,2.929522308537687802e+00,-1.000000000000000000e+00
8.270273992087917136e+00,3.382583693582784878e+00,-1.000000000000000000e+00
8.784638584970565489e+00,3.324228944744529901e+00,-1.000000000000000000e+00
8.993426921294188858e+00,2.705594273046677323e+00,1.000000000000000000e+00
8.097722299247827493e+00,1.287586552912261872e+00,-1.000000000000000000e+00
9.667823431560039538e+00,2.114619996616621034e+00,1.000000000000000000e+00
8.018211193315991636e+00,1.586502091163836115e+00,-1.000000000000000000e+00
8.150297948817861737e+00,3.720816295710653865e+00,-1.000000000000000000e+00
7.715049614176067827e+00,2.545645228140255512e+00,-1.000000000000000000e+00
7.032480949223991473e+00,1.184606656933803182e+00,1.000000000000000000e+00
9.876823923763865309e+00,3.795545813388108147e+00,-1.000000000000000000e+00
7.992568468482057931e+00,3.151779127423708804e+00,1.000000000000000000e+00
9.285480346573173449e+00,3.774757459368184520e+00,-1.000000000000000000e+00
8.833298074636894981e+00,3.473924457993636139e+00,-1.000000000000000000e+00
7.949310757804795458e+00,2.123650281625752534e+00,1.000000000000000000e+00
7.977439539858922402e+00,2.385143051300643524e+00,-1.000000000000000000e+00
7.190143987538354153e+00,3.376503204122928814e+00,-1.000000000000000000e+00
7.844125599685272121e+00,2.015229380467366660e+00,-1.000000000000000000e+00
9.037259619573596581e+00,2.242840726976026211e+00,-1.000000000000000000e+00
9.984954360928561812e+00,3.619399690818764004e+00,-1.000000000000000000e+00
7.860052147990835181e+00,1.647612633102927493e+00,-1.000000000000000000e+00
9.190474444496510742e+00,2.394437217269965501e+00,1.000000000000000000e+00
9.179898554922283793e+00,3.410852793836664176e+00,-1.000000000000000000e+00
7.563124242590535395e+00,2.872835829190776291e+00,-1.000000000000000000e+00
9.780655640966473996e+00,1.439378483230481454e+00,-1.000000000000000000e+00
9.935551157245562592e+00,2.890851270226685088e+00,1.000000000000000000e+00
7.054376967620004102e+00,3.537115482246253162e+00,-1.000000000000000000e+00
8.645898972220985357e+00,2.576182328836966295e+00,1.000000000000000000e+00
7.666750991627536926e+00,3.090413116348311284e+00,-1.000000000000000000e+00
8.197297245169764324e+00,1.721910475730805690e+00,-1.000000000000000000e+00
7.060573055187148839e+00,1.880439363144684739e+00,-1.000000000000000000e+00
9.221736074397878014e+00,1.678702929479963135e+00,-1.000000000000000000e+00
9.908073644813622849e+00,3.789935516212531219e+00,-1.000000000000000000e+00
9.604078412519600150e+00,2.102013939714585611e+00,-1.000000000000000000e+00
9.441678849221311509e+00,2.480997304292355210e+00,1.000000000000000000e+00
8.601481335539746809e+00,2.198739512451264311e+00,1.000000000000000000e+00
8.977185274858495490e+00,2.114167435350640112e+00,-1.000000000000000000e+00
7.364818909851778450e+00,3.113505974477553284e+00,1.000000000000000000e+00
8.759486856886576689e+00,3.724267513805998409e+00,-1.000000000000000000e+00
9.243725471904580715e+00,1.767982653413814109e+00,-1.000000000000000000e+00
9.939920622480288515e+00,1.893428545012386666e+00,-1.000000000000000000e+00
7.300987033336218346e+00,2.076722413036209858e+00,-1.000000000000000000e+00
8.931550175930595969e+00,3.133484644488833126e+00,-1.000000000000000000e+00
7.570820737608555007e+00,1.073710292531866672e+00,1.000000000000000000e+00
8.274913769853835532e+00,2.772646010377773251e+00,1.000000000000000000e+00
7.269187490222041248e+00,3.897700135734615046e+00,-1.000000000000000000e+00
8.758414662605110479e+00,2.195891005642180094e+00,1.000000000000000000e+00
9.189551227818562040e+00,1.920585104720229586e+00,-1.000000000000000000e+00
8.898969508108770299e+00,1.208719439105001126e+00,-1.000000000000000000e+00
9.657399276848460445e+00,1.938789301824830780e+00,-1.000000000000000000e+00
8.677248764199498865e+00,2.167518039641424643e+00,-1.000000000000000000e+00
7.092385714713494771e+00,2.543534764316850882e+00,-1.000000000000000000e+00
7.379910940048010737e+00,3.100889463441595773e+00,-1.000000000000000000e+00
9.391577112662268689e+00,1.554355442006637666e+00,-1.000000000000000000e+00
9.071403553199070657e+00,2.899977348381812980e+00,-1.000000000000000000e+00
7.778610131173324227e+00,3.730049420629395485e+00,-1.000000000000000000e+00
9.678602161686512773e+00,1.493242078831067188e+00,-1.000000000000000000e+00
7.189830788253035898e+00,1.984892197419091620e+00,1.000000000000000000e+00
7.992982505194899723e+00,1.656490555036720380e+00,-1.000000000000000000e+00
8.862769801765221445e+00,3.067236811667870988e+00,1.000000000000000000e+00
7.991854965841685754e+00,3.747876697046216510e+00,1.000000000000000000e+00
9.783067711221214324e+00,1.142936552584705945e+00,-1.000000000000000000e+00
7.635506624759845984e+00,1.357474222750381765e+00,-1.000000000000000000e+00
8.442455302102798598e+00,2.912981752190884954e+00,1.000000000000000000e+00
9.090601565949221197e+00,2.160806952611174836e+00,-1.000000000000000000e+00
9.466252073189000527e+00,1.361505079857061151e+00,-1.000000000000000000e+00
7.986341648221773504e+00,2.726156941688851365e+00,-1.000000000000000000e+00
9.923266551754821307e+00,3.788261496626680547e+00,-1.000000000000000000e+00
7.324612093848551275e+00,2.582000408830159799e+00,-1.000000000000000000e+00
8.077569653126891680e+00,1.737418994474067668e+00,1.000000000000000000e+00
8.489610234913451237e+00,3.276287217657535056e+00,-1.000000000000000000e+00
9.236246016335281084e+00,3.989506359150242876e+00,1.000000000000000000e+00
7.334410011596512291e+00,2.429370430854803420e+00,-1.000000000000000000e+00
9.722267575258037198e+00,1.426033716136665408e+00,-1.000000000000000000e+00
8.609368475455973169e+00,3.693098144367064073e+00,-1.000000000000000000e+00
9.892125628635650259e+00,3.112162413616136103e+00,-1.000000000000000000e+00
7.738003211244921076e+00,1.064422696275434621e+00,-1.000000000000000000e+00
7.581166907850152903e+00,1.645456320459247168e+00,1.000000000000000000e+00
9.689084887957847059e+00,1.051184193900422059e+00,-1.000000000000000000e+00
9.678296853584175352e+00,2.815730865760034618e+00,-1.000000000000000000e+00
7.745567645213744967e+00,2.114370087131123288e+00,1.000000000000000000e+00
7.027044597381597590e+00,3.133632458663203835e+00,-1.000000000000000000e+00
8.523814793015942470e+00,3.332622750872860085e+00,-1.000000000000000000e+00
8.598612302414480268e+00,2.251010835416043410e+00,-1.000000000000000000e+00
7.874987994497742783e+00,2.973149256736326240e+00,-1.000000000000000000e+00
9.337223865102028952e+00,1.704657138526141313e+00,-1.000000000000000000e+00
7.586937275976661788e+00,2.040807656141230275e+00,-1.000000000000000000e+00
8.304437055113732313e+00,2.531539126744630330e+00,-1.000000000000000000e+00
7.163548375412055691e+00,1.499710235276838777e+00,1.000000000000000000e+00
9.685190206906064248e+00,1.772533737980963586e+00,-1.000000000000000000e+00
7.796517176311567709e+00,2.637631845340066672e+00,1.000000000000000000e+00
8.478637550088038211e+00,1.670050330801011729e+00,-1.000000000000000000e+00
9.339781867910517121e+00,2.227156570082431397e+00,-1.000000000000000000e+00
8.497681901120165193e+00,1.372037588705723454e+00,-1.000000000000000000e+00
8.398232087070798713e+00,2.467465057042733445e+00,-1.000000000000000000e+00
9.174600934487482817e+00,1.659537623235530113e+00,-1.000000000000000000e+00
9.085805553458063955e+00,1.977740045883399134e+00,-1.000000000000000000e+00
7.724698131651105193e+00,1.031558923084298751e+00,-1.000000000000000000e+00
9.707430201704230655e+00,3.026181758066091021e+00,-1.000000000000000000e+00
7.401353944444622357e+00,3.719192228013959767e+00,-1.000000000000000000e+00
8.601254181014294176e+00,2.655761353839825034e+00,-1.000000000000000000e+00
9.464794606774296071e+00,2.907730068688565428e+00,-1.000000000000000000e+00
7.101169095378084606e+00,2.963917221497118781e+00,-1.000000000000000000e+00
9.237615647240595251e+00,2.621545644038520528e+00,1.000000000000000000e+00
8.128039964358229952e+00,3.905071518026058897e+00,1.000000000000000000e+00
8.895656376345902672e+00,2.931654925288257107e+00,1.000000000000000000e+00
9.765238789606893732e+00,1.045793301781849038e+00,-1.000000000000000000e+00
7.419129631715604134e+00,1.596415627764421474e+00,-1.000000000000000000e+00
8.683319246534713542e+00,1.322091592775325175e+00,1.000000000000000000e+00
9.875275861430313995e+00,1.834771465619919439e+00,-1.000000000000000000e+00
8.959459397009602810e+00,1.094887852267375061e+00,-1.000000000000000000e+00
8.446290621828481449e+00,2.912900415781304986e+00,-1.000000000000000000e+00
7.764543853102658488e+00,3.335249709606940449e+00,1.000000000000000000e+00
9.574391099363875668e+00,1.895088923800444025e+00,-1.000000000000000000e+00
7.547444776116966736e+00,1.662016287986237462e+00,1.000000000000000000e+00
9.340227423269057638e+00,1.881261736083391867e+00,-1.000000000000000000e+00
8.051130845909954203e+00,1.375471076656280545e+00,-1.000000000000000000e+00
9.127855696035766186e+00,1.851519640553395796e+00,1.000000000000000000e+00
8.700334222154076258e+00,2.375553348878285398e+00,-1.000000000000000000e+00
8.034396017878734142e+00,2.385804465011058362e+00,1.000000000000000000e+00
7.697364303486209813e+00,3.209303307923177861e+00,-1.000000000000000000e+00
9.990581701322959418e+00,2.318846118325858630e+00,1.000000000000000000e+00
8.370982913279062743e+00,1.434317548290678701e+00,-1.000000000000000000e+00
9.258646658318722800e+00,2.079458923596210873e+00,1.000000000000000000e+00
9.314294719429916825e+00,2.659074651617197027e+00,1.000000000000000000e+00
9.062923268766114759e+00,1.807345597468470455e+00,1.000000000000000000e+00
8.467956907123854293e+00,1.418517340517098768e+00,1.000000000000000000e+00
9.997103839983690676e+00,3.774692874984395541e+00,-1.000000000000000000e+00
7.492633916882605050e+00,3.844747402238120060e+00,-1.000000000000000000e+00
7.229713242910815296e+00,2.042130466204488570e+00,1.000000000000000000e+00
9.285979576735840624e+00,3.023307974631687323e+00,1.000000000000000000e+00
9.166767782100542661e+00,3.724159545937776539e+00,1.000000000000000000e+00
7.817078439321845096e+00,3.694140115459457530e+00,1.000000000000000000e+00
7.493983197240138949e+00,1.939859884582594507e+00,-1.000000000000000000e+00
7.725038612920501535e+00,2.522444512839319586e+00,-1.000000000000000000e+00
8.498566328297854966e+00,2.907802380082503024e+00,1.000000000000000000e+00
9.254951512742108477e+00,1.518012478996000780e+00,1.000000000000000000e+00
8.807872261379836587e+00,3.808078598528552128e+00,-1.000000000000000000e+00
9.505424520117058407e+00,3.551335339783103784e+00,-1.000000000000000000e+00
8.116037538069594603e+00,2.387173000146308066e+00,-1.000000000000000000e+00
7.027531129208791860e+00,3.686773239175680228e+00,-1.000000000000000000e+00
8.121868098664624114e+00,2.925880905788334374e+00,-1.000000000000000000e+00
8.710446781101673253e+00,1.205148426812118423e+00,-1.000000000000000000e+00
8.761359868490478320e+00,2.013015759608477673e+00,-1.000000000000000000e+00
7.616767355332036971e+00,3.732878680363139079e+00,-1.000000000000000000e+00
7.969763845111370593e+00,2.665884517041829938e+00,1.000000000000000000e+00
7.812146236860707305e+00,2.825148767331905564e+00,1.000000000000000000e+00
8.445578221166428534e+00,3.711755895214689183e+00,-1.000000000000000000e+00
9.733948268572319762e+00,3.269853674003533328e+00,1.000000000000000000e+00
8.967132823043725054e+00,1.561257801247745380e+00,-1.000000000000000000e+00
8.142054538973075850e+00,1.477794402207954771e+00,-1.000000000000000000e+00
9.128690282206939344e+00,1.262287074253993335e+00,1.000000000000000000e+00
9.671807941921091611e+00,2.091287162930786980e+00,-1.000000000000000000e+00
9.502446313011283507e+00,2.751689696562375609e+00,-1.000000000000000000e+00
8.543079839098918882e+00,3.877495036578797016e+00,-1.000000000000000000e+00
7.605900843499920683e+00,2.419162019369562433e+00,-1.000000000000000000e+00
8.134554172883177614e+00,1.442313721849752373e+00,-1.000000000000000000e+00
9.714472239296791045e+00,3.276610472983824351e+00,-1.000000000000000000e+00
7.145372312809270099e+00,3.704663184310695190e+00,1.000000000000000000e+00
7.799834551121368698e+00,1.078510234921386424e+00,1.000000000000000000e+00
9.202491740060928294e+00,2.406289557451468220e+00,-1.000000000000000000e+00
9.073286381457396743e+00,1.109980828592308733e+00,-1.000000000000000000e+00
8.436908036381655762e+00,2.574208059785976666e+00,-1.000000000000000000e+00
8.155345386659762497e+00,1.756535598772903217e+00,1.000000000000000000e+00
7.779231222492595244e+00,2.718045813126472865e+00,-1.000000000000000000e+00
7.308386166484953428e+00,2.497586065873319328e+00,-1.000000000000000000e+00
7.160893002476976577e+00,1.871584354116394566e+00,-1.000000000000000000e+00
8.158689326856936930e+00,3.111001055983798835e+00,-1.000000000000000000e+00
7.961699899178786843e+00,1.585969086503529191e+00,-1.000000000000000000e+00
7.396458657344733290e+00,3.386675582258634964e+00,-1.000000000000000000e+00
7.321324843218617318e+00,3.610928362750140508e+00,1.000000000000000000e+00
7.028523239364906416e+00,2.047605070478168088e+00,-1.000000000000000000e+00
7.286662433989257615e+00,2.365619450250633804e+00,-1.000000000000000000e+00
8.403712974883212894e+00,3.839990532912841203e+00,1.000000000000000000e+00
8.770821255648389325e+00,1.616314423759412033e+00,-1.000000000000000000e+00
8.330685536757400200e+00,3.204466097534701241e+00,1.000000000000000000e+00
7.292138861206368894e+00,2.064593628829506589e+00,-1.000000000000000000e+00
7.856990431007324638e+00,3.191880918560912939e+00,1.000000000000000000e+00
9.877353682187477446e+00,1.959296374106455518e+00,-1.000000000000000000e+00
9.819343086146654187e+00,1.888622403205818756e+00,-1.000000000000000000e+00
7.662928728873136031e+00,1.132420530085561428e+00,-1.000000000000000000e+00
9.407441940540527625e+00,1.765485483498498986e+00,-1.000000000000000000e+00
9.781172954635216854e+00,3.995104650472858232e+00,-1.000000000000000000e+00
7.650352244316786177e+00,2.623000235109221645e+00,-1.000000000000000000e+00
9.358115397414842107e+00,3.121277576206064275e+00,1.000000000000000000e+00
7.266475768781253564e+00,2.779103847747207645e+00,1.000000000000000000e+00
9.602866395720578652e+00,1.209553785683695093e+00,-1.000000000000000000e+00
8.578580428538936431e+00,2.868584818007787529e+00,-1.000000000000000000e+00
8.753704639238659269e+00,2.712937036180213646e+00,-1.000000000000000000e+00
8.703573305412023231e+00,2.187886822539570453e+00,-1.000000000000000000e+00
8.914049923552997967e+00,3.209068219456201909e+00,1.000000000000000000e+00
7.447154258576053287e+00,3.399462649296492778e+00,-1.000000000000000000e+00
9.996232633432942549e+00,2.037589986353702365e+00,-1.000000000000000000e+00
7.154525421466138013e+00,1.443445904872660224e+00,1.000000000000000000e+00
9.959933489371071147e+00,1.019793195910228878e+00,1.000000000000000000e+00
8.869191456399512674e+00,1.913412959443134831e+00,-1.000000000000000000e+00
7.133197745029437264e+00,1.188165163021493997e+00,-1.000000000000000000e+00
8.952623151781995858e+00,2.252440917133843978e+00,1.000000000000000000e+00
7.765166295302509347e+00,2.586727169804524440e+00,1.000000000000000000e+00
7.934671898707405191e+00,2.427860170847699450e+00,-1.000000000000000000e+00
7.843119456263338840e+00,2.316277774334728701e+00,-1.000000000000000000e+00
9.228128518231084598e+00,1.383302503233660996e+00,-1.000000000000000000e+00
9.912023654822931462e+00,2.441527161983541916e+00,1.000000000000000000e+00
7.311961110511706607e+00,2.663083958024484499e+00,1.000000000000000000e+00
9.951373698990531480e+00,3.130375668129970812e+00,1.000000000000000000e+00
7.100838038231474414e+00,3.941582253148236958e+00,1.000000000000000000e+00
9.033988038233443874e+00,3.293782488200001968e+00,1.000000000000000000e+00
7.425433394243693641e+00,3.350864640794256832e+00,1.000000000000000000e+00
8.501141939928260172e+00,3.836277750449879065e+00,-1.000000000000000000e+00
8.914104292083180781e+00,3.710478150812152265e+00,-1.000000000000000000e+00
7.481568215561083868e+00,3.022650859191729378e+00,-1.000000000000000000e+00
9.621636905903178771e+00,1.912720494215343514e+00,-1.000000000000000000e+00
9.787236142952362883e+00,2.221837600492329035e+00,1.000000000000000000e+00
7.191152163244209916e+00,1.641594261028827439e+00,-1.000000000000000000e+00
9.723797656845100335e+00,1.690109250404108199e+00,-1.000000000000000000e+00
8.369737576631258946e+00,1.307073915521730134e+00,1.000000000000000000e+00
9.213041336815425808e+00,3.699309257773656157e+00,-1.000000000000000000e+00
9.667341806954169670e+00,1.584587801393284590e+00,-1.000000000000000000e+00
7.416959766876209947e+00,1.761147438709846025e+00,-1.000000000000000000e+00
7.306995110243783564e+00,1.947434042185850256e+00,1.000000000000000000e+00
8.745983685270337205e+00,3.093385702972826223e+00,-1.000000000000000000e+00
7.011242216536127003e+00,2.361706196726959917e+00,1.000000000000000000e+00
9.634498840323699298e+00,2.919072043710036812e+00,-1.000000000000000000e+00
7.732659483630083486e+00,2.942467369394846877e+00,1.000000000000000000e+00
8.040263685447630593e+00,2.235685594443016733e+00,1.000000000000000000e+00
9.023403465650277511e+00,2.073005010082072275e+00,-1.000000000000000000e+00
9.381446648842132419e+00,2.069890786989947884e+00,-1.000000000000000000e+00
8.321438547587403534e+00,1.544565928760314844e+00,-1.000000000000000000e+00
8.564084704356767830e+00,2.251031187267938272e+00,-1.000000000000000000e+00
7.772006923169500148e+00,1.962351811571472204e+00,-1.000000000000000000e+00
9.001856431955458149e+00,2.279274673084008107e+00,1.000000000000000000e+00
9.913016145064219131e+00,3.056280874743487086e+00,-1.000000000000000000e+00
9.572084849679614038e+00,3.487789619328540258e+00,-1.000000000000000000e+00
7.898186761542006273e+00,3.584590544574111970e+00,-1.000000000000000000e+00
7.312946294205756814e+00,3.933589623726780893e+00,-1.000000000000000000e+00
7.247506122925034155e+00,3.998148629801342224e+00,-1.000000000000000000e+00
8.740399651083423649e+00,1.085616821523714748e+00,-1.000000000000000000e+00
7.076770538417662237e+00,1.641463439385876022e+00,-1.000000000000000000e+00
7.306503158119654451e+00,3.163564313705669484e+00,-1.000000000000000000e+00
8.701948814386009090e+00,2.875201603095387526e+00,1.000000000000000000e+00
8.398135356465441959e+00,1.956364103406686983e+00,-1.000000000000000000e+00
8.970894797571357770e+00,1.439885888936763614e+00,-1.000000000000000000e+00
8.942614787335202209e+00,2.716418898077723743e+00,1.000000000000000000e+00
7.842171760776451173e+00,3.169924080985511150e+00,-1.000000000000000000e+00
9.665035523289837727e+00,2.557847294917780623e+00,-1.000000000000000000e+00
7.726338618272141190e+00,1.916133817854390742e+00,1.000000000000000000e+00
9.640160143409715943e+00,2.517004112384229497e+00,1.000000000000000000e+00
9.904145601220697870e+00,2.803007978896995933e+00,-1.000000000000000000e+00
9.330852693619233307e+00,1.558424173302738414e+00,1.000000000000000000e+00
8.624651032371929205e+00,3.667281809097008072e+00,1.000000000000000000e+00
8.529988496650510399e+00,2.407510033952998008e+00,-1.000000000000000000e+00
8.308054918446639903e+00,3.953647953497430478e+00,-1.000000000000000000e+00
9.244922552487174983e+00,3.014667755449957909e+00,1.000000000000000000e+00
8.737423594903908963e+00,3.927930247342776404e+00,-1.000000000000000000e+00
9.499592012680677655e+00,2.373153431912794264e+00,1.000000000000000000e+00
8.117347057500412078e+00,2.363425618566795450e+00,-1.000000000000000000e+00
7.060994388606242289e+00,1.884984636995820306e+00,-1.000000000000000000e+00
7.656216343298405391e+00,3.424352793071285816e+00,-1.000000000000000000e+00
8.670378759413864600e+00,3.994913634534390745e+00,-1.000000000000000000e+00
8.672766533236302422e+00,1.468929595714063119e+00,-1.000000000000000000e+00
8.790049060311790896e+00,3.548600086789508001e+00,1.000000000000000000e+00
8.758343209774327676e+00,3.103703220945821073e+00,-1.000000000000000000e+00
9.429093861277344502e+00,2.807839496354525455e+00,1.000000000000000000e+00
7.328655394405259926e+00,2.964050707003340612e+00,-1.000000000000000000e+00
7.613565674235703185e+00,3.367881262030817169e+00,-1.000000000000000000e+00
9.185820881638793622e+00,3.590865058590580361e+00,-1.000000000000000000e+00
8.784100065983054151e+00,3.043922044558330153e+00,-1.000000000000000000e+00
7.280367842152628555e+00,1.404120568617110099e+00,-1.000000000000000000e+00
8.495376212143341377e+00,1.119073566774612338e+00,-1.000000000000000000e+00
7.060880581207163331e+00,3.444245543393793962e+00,-1.000000000000000000e+00
9.953239520872919854e+00,3.514723294152619637e+00,-1.000000000000000000e+00
8.379307850113892897e+00,1.631364921517806987e+00,-1.000000000000000000e+00
9.516095226959567555e+00,1.595582443558278385e+00,1.000000000000000000e+00
8.783612270292369573e+00,1.093035668058625731e+00,-1.000000000000000000e+00
8.762807247025888202e+00,1.125899479544003601e+00,-1.000000000000000000e+00
8.192048532978011721e+00,1.989921578030162230e+00,1.000000000000000000e+00
9.002794567722913754e+00,3.885623653184118620e+00,1.000000000000000000e+00
9.477722352532543582e+00,3.756105953881790249e+00,-1.000000000000000000e+00
8.279295949508222563e+00,2.755831771443600697e+00,1.000000000000000000e+00
8.720306618613973271e+00,1.419187329173040801e+00,-1.000000000000000000e+00
8.453706927308308750e+00,3.249256073991805938e+00,1.000000000000000000e+00
9.771355700668689082e+00,2.168108372180496790e+00,1.000000000000000000e+00
9.927699078125247212e+00,3.730747064800608026e+00,-1.000000000000000000e+00
7.091642054381543048e+00,3.260837675954835202e+00,-1.000000000000000000e+00
8.994498430809940714e+00,3.362062175508660378e+00,1.000000000000000000e+00
7.361962618111300038e+00,1.670541322489600189e+00,-1.000000000000000000e+00
8.108158018333462280e+00,3.478910275281309694e+00,-1.000000000000000000e+00
7.206195207426850935e+00,3.952759500334599441e+00,-1.000000000000000000e+00
8.450255013503078061e+00,2.312075998313685599e+00,1.000000000000000000e+00
9.736283799979329245e+00,2.322315533847189695e+00,-1.000000000000000000e+00
9.672854215888579077e+00,2.831957289208095307e+00,-1.000000000000000000e+00
9.592940031434171289e+00,2.424364617970612201e+00,-1.000000000000000000e+00
9.242470378250033036e+00,1.187357503348723364e+00,-1.000000000000000000e+00
8.369537873671143657e+00,3.252629783575988309e+00,1.000000000000000000e+00
9.650902242418224475e+00,3.252879496314744934e+00,-1.000000000000000000e+00
7.293538442387793808e+00,2.605510590534029447e+00,-1.000000000000000000e+00
8.109577282617964400e+00,2.800761015857699210e+00,1.000000000000000000e+00
8.116462325900258179e+00,3.176530820691993995e+00,-1.000000000000000000e+00
8.879790095512248627e+00,3.488525427638458964e+00,-1.000000000000000000e+00
7.053660495923749885e+00,3.511796818554774990e+00,1.000000000000000000e+00
9.599132953286751757e+00,2.646702996686178366e+00,1.000000000000000000e+00
9.605867933887070720e+00,3.717556707849202446e+00,1.000000000000000000e+00
8.080762209363822279e+00,2.847262706138415034e+00,-1.000000000000000000e+00
7.701733935866298175e+00,3.382377047287605798e+00,1.000000000000000000e+00
8.353044185055171766e+00,2.369276859109890054e+00,1.000000000000000000e+00
7.860338882012023021e+00,1.732628141047924508e+00,-1.000000000000000000e+00
7.420709549335303024e+00,3.270739303903317463e+00,-1.000000000000000000e+00
9.425888081627380899e+00,3.738024389394225100e+00,-1.000000000000000000e+00
7.586204901332744832e+00,1.867317915160117359e+00,1.000000000000000000e+00
9.846754859803617421e+00,2.211152921873233979e+00,1.000000000000000000e+00
7.975382854393219034e+00,1.655779837669553833e+00,-1.000000000000000000e+00
8.605057004228754636e+00,2.088420045974960892e+00,-1.000000000000000000e+00
9.116455603155202425e+00,1.405807802046082466e+00,-1.000000000000000000e+00
9.013837282719855182e+00,1.285727080874123684e+00,-1.000000000000000000e+00
8.503240270292128145e+00,3.257903769445793962e+00,1.000000000000000000e+00
7.174967844515527382e+00,2.963726790014848067e+00,-1.000000000000000000e+00
9.552042773710343937e+00,3.664274477482888592e+00,1.000000000000000000e+00
8.513372762265960958e+00,2.565583669325260274e+00,-1.000000000000000000e+00
8.727821083995070950e+00,1.100770082172191744e+00,1.000000000000000000e+00
9.451168401651607098e+00,3.503385934925876910e+00,-1.000000000000000000e+00
9.896602475332315407e+00,2.402389476810795621e+00,1.000000000000000000e+00
9.048328810767946706e+00,3.259577055377374410e+00,-1.000000000000000000e+00
8.499765627754914732e+00,1.102339931989833488e+00,1.000000000000000000e+00
7.608100634805190055e+00,1.470223393856854521e+00,-1.000000000000000000e+00
8.945569702239165366e+00,3.470905495835134857e+00,-1.000000000000000000e+00
8.587688662953038232e+00,2.571471952342890610e+00,-1.000000000000000000e+00
7.686222975693274506e+00,1.663998698970653889e+00,-1.000000000000000000e+00
7.547646969126568628e+00,3.735696625076812882e+00,-1.000000000000000000e+00
9.483456795510434745e+00,3.959468584569123539e+00,-1.000000000000000000e+00
8.496178900459698369e+00,1.978936022381583726e+00,1.000000000000000000e+00
8.559758382757820527e+00,2.024858193952871588e+00,-1.000000000000000000e+00
8.013211147798598333e+00,3.604912785146334731e+00,-1.000000000000000000e+00
9.843143733509000626e+00,1.228587551476679307e+00,1.000000000000000000e+00
8.484073785459280259e+00,1.839426132977782125e+00,1.000000000000000000e+00
9.414545070863614029e+00,3.531206365463291696e+00,-1.000000000000000000e+00
7.496455453064648999e+00,1.449733172200278641e+00,1.000000000000000000e+00
8.424056755915062311e+00,2.401872274457195644e+00,-1.000000000000000000e+00
7.580446858903897578e+00,2.396656962885737929e+00,-1.000000000000000000e+00
7.700005316571881586e+00,3.199668932361171780e+00,-1.000000000000000000e+00
7.474208737586422124e+00,2.773120911825778911e+00,1.000000000000000000e+00
7.029507452921798460e+00,3.495961927366231237e+00,1.000000000000000000e+00
8.690586497293805834e+00,3.466487576420320238e+00,1.000000000000000000e+00
7.771703666898410745e+00,1.202488609931527730e+00,1.000000000000000000e+00
9.459872197305406516e+00,2.730588708352293725e+00,1.000000000000000000e+00
7.611475235136013318e+00,2.126260946950976116e+00,-1.000000000000000000e+00
9.967710115990929154e+00,1.279268386691947201e+00,-1.000000000000000000e+00
9.015659488320382664e+00,1.422889946631646474e+00,1.000000000000000000e+00
7.044745149254198147e+00,1.578294187296094053e+00,-1.000000000000000000e+00
8.059969273757991104e+00,2.393010346272452793e+00,-1.000000000000000000e+00
9.530102315497625654e+00,2.747407990562190427e+00,1.000000000000000000e+00
9.640329029806544270e+00,1.894151062016587783e+00,-1.000000000000000000e+00
9.797963164403659775e+00,1.018065310421859326e+00,-1.000000000000000000e+00
7.197970594857986626e+00,1.775260969255476162e+00,-1.000000000000000000e+00
8.738021522928592688e+00,2.127775458976021827e+00,-1.000000000000000000e+00
9.577006804939768969e+00,1.917070606196138005e+00,-1.000000000000000000e+00
9.860744550585412327e+00,3.423687072390057651e+00,1.000000000000000000e+00
9.041091692634021015e+00,2.464685765314200694e+00,-1.000000000000000000e+00
8.395484274456510576e+00,1.270956705387732200e+00,-1.000000000000000000e+00
7.265654360919829635e+00,1.707556461096857880e+00,1.000000000000000000e+00
7.282307527354844545e+00,1.187178533904906352e+00,1.000000000000000000e+00
9.698868801672318796e+00,3.847148519518217569e+00,1.000000000000000000e+00
8.333050981419786396e+00,1.369557981983730910e+00,1.000000000000000000e+00
7.269065749761852935e+00,3.498011431793488946e+00,1.000000000000000000e+00
9.891388517102555511e+00,2.341109254768649617e+00,1.000000000000000000e+00
7.775927694645480948e+00,1.177931609953319914e+00,1.000000000000000000e+00
8.344183236762079403e+00,2.419957582569161936e+00,1.000000000000000000e+00
9.145388021509306853e+00,3.592966748494671236e+00,1.000000000000000000e+00
