1.806957834998740964e+00,8.530642708084906545e+00,1.000000000000000000e+00
2.816634282998534022e+00,9.608473600591722175e+00,1.000000000000000000e+00
1.240815217695346639e+00,9.801477519662473270e+00,1.000000000000000000e+00
1.501248546874388357e+00,9.044622382847450126e+00,1.000000000000000000e+00
3.418487609433077168e+00,8.218505071009531093e+00,1.000000000000000000e+00
3.760336523257100438e+00,7.088201144226782269e+00,1.000000000000000000e+00
3.289510569691442399e+00,9.692280413100577974e+00,1.000000000000000000e+00
1.494445965509046736e+00,8.314429825298574883e+00,1.000000000000000000e+00
2.508064272934250383e+00,8.986787337028033562e+00,1.000000000000000000e+00
2.668041537430084098e+00,9.569570484151782352e+00,1.000000000000000000e+00
2.152215902345505860e+00,8.067733677322227237e+00,1.000000000000000000e+00
3.757918816096049497e+00,8.178596656911487628e+00,1.000000000000000000e+00
2.950094800372624171e+00,7.997185498007815418e+00,1.000000000000000000e+00
3.824788858637479194e+00,8.480708176264304399e+00,1.000000000000000000e+00
3.892557557292167569e+00,8.115658001545620337e+00,1.000000000000000000e+00
2.677541870297883264e+00,8.280548853665285591e+00,1.000000000000000000e+00
1.965209834093725849e+00,9.401593074446468634e+00,1.000000000000000000e+00
3.173367326318416559e+00,7.131510926598850553e+00,1.000000000000000000e+00
1.228741336779435533e+00,8.049676955700416414e+00,1.000000000000000000e+00
3.671904369998148177e+00,7.134325838906644179e+00,1.000000000000000000e+00
1.796987822796236589e+00,9.055774506757186870e+00,1.000000000000000000e+00
3.801575969558578016e+00,7.422719662462900381e+00,1.000000000000000000e+00
1.198862600151206159e+00,8.735859126704637490e+00,1.000000000000000000e+00
3.078637319539843098e+00,9.160046449411989755e+00,1.000000000000000000e+00
3.868687481021606089e+00,9.363659535419969870e+00,1.000000000000000000e+00
2.605349428323461058e+00,9.771312124704447655e+00,1.000000000000000000e+00
2.174936096621661985e+00,8.622095381626266430e+00,1.000000000000000000e+00
1.358522463536647518e+00,8.290375668255233421e+00,1.000000000000000000e+00
2.676502569254333608e+00,9.064307530033465454e+00,1.000000000000000000e+00
2.697843031537853875e+00,9.780820975769344727e+00,1.000000000000000000e+00
3.579468942290514377e+00,7.092045564602776686e+00,1.000000000000000000e+00
1.083290182214763586e+00,8.128935675217610068e+00,1.000000000000000000e+00
3.063910969240165372e+00,9.226994280352005973e+00,1.000000000000000000e+00
3.530032818807601558e+00,9.857714065764042743e+00,1.000000000000000000e+00
3.572579307810956450e+00,7.454493417505100972e+00,1.000000000000000000e+00
1.833457757510024155e+00,7.320378629480233990e+00,1.000000000000000000e+00
2.599414806653205900e+00,7.047037759484971353e+00,1.000000000000000000e+00
2.324382865464956094e+00,8.547228011173794826e+00,1.000000000000000000e+00
1.640338946132350095e+00,7.482454042391887050e+00,1.000000000000000000e+00
2.613852175168687619e+00,7.731584714756503551e+00,1.000000000000000000e+00
1.436649393374568540e+00,9.350281538470609277e+00,1.000000000000000000e+00
2.727946326866478532e+00,8.513879522995649651e+00,1.000000000000000000e+00
2.394654039994692951e+00,7.530105670230212489e+00,1.000000000000000000e+00
1.685326762380780163e+00,8.600337087894008192e+00,1.000000000000000000e+00
3.662661242275242035e+00,8.140941757027253090e+00,1.000000000000000000e+00
3.386177859779281984e+00,9.388384612907810123e+00,1.000000000000000000e+00
2.752218931825509252e+00,7.213898994970318057e+00,1.000000000000000000e+00
1.793139394783041407e+00,7.377100129476591661e+00,1.000000000000000000e+00
1.596508213735519988e+00,9.038473469777063229e+00,1.000000000000000000e+00
2.059739057500460824e+00,7.286940007603820213e+00,1.000000000000000000e+00
1.695175576273893370e+00,7.536997075434327620e+00,1.000000000000000000e+00
2.155012762029565820e+00,8.068087667781156824e+00,1.000000000000000000e+00
3.136692423340806002e+00,8.685795629561221531e+00,1.000000000000000000e+00
2.458507303121619358e+00,7.366983134700583413e+00,1.000000000000000000e+00
3.578198333001826992e+00,7.703689083414042571e+00,1.000000000000000000e+00
3.518785430910533307e+00,7.849145525344871643e+00,1.000000000000000000e+00
2.518830701331147282e+00,9.377713167780669323e+00,1.000000000000000000e+00
2.761324607737080328e+00,9.832919001885770172e+00,1.000000000000000000e+00
1.005026310545287238e+00,7.396924565981332300e+00,1.000000000000000000e+00
3.579036560596417615e+00,8.045256938500543242e+00,1.000000000000000000e+00
1.637156498637049484e+00,8.283483566650627239e+00,1.000000000000000000e+00
3.411724749357092801e+00,7.469254392265344045e+00,1.000000000000000000e+00
1.486396593159454049e+00,7.909032019619389509e+00,1.000000000000000000e+00
1.581668075147458108e+00,7.371330905054173321e+00,1.000000000000000000e+00
3.625716841387196965e+00,7.254636921033849717e+00,1.000000000000000000e+00
1.957319681459728455e+00,9.151080630201812838e+00,1.000000000000000000e+00
1.705814626999599737e+00,7.846112401166177364e+00,1.000000000000000000e+00
2.652172969206751052e+00,7.738233113252709572e+00,1.000000000000000000e+00
1.147703794442252345e+00,9.871213927596109272e+00,1.000000000000000000e+00
3.790661393846665561e+00,8.032142405314795397e+00,1.000000000000000000e+00
2.113975424994897878e+00,7.084939888292002053e+00,1.000000000000000000e+00
3.392671720606616148e+00,8.839737962656743164e+00,1.000000000000000000e+00
2.553363143573457172e+00,7.696127339329654760e+00,1.000000000000000000e+00
2.638377636940396176e+00,7.227943487242590059e+00,1.000000000000000000e+00
2.529046518997198234e+00,8.950765982496294626e+00,1.000000000000000000e+00
3.187829745511943091e+00,7.679593349434329141e+00,1.000000000000000000e+00
2.415142734066647812e+00,9.026400703806004344e+00,1.000000000000000000e+00
3.120870862327111972e+00,9.001720711479876513e+00,1.000000000000000000e+00
3.369865468386265217e+00,7.259223014119535300e+00,1.000000000000000000e+00
3.195652218038302905e+00,8.100952001035578220e+00,1.000000000000000000e+00
1.249242303268450982e+00,7.317673831104545279e+00,1.000000000000000000e+00
3.234446372985995577e+00,7.512959604015057025e+00,1.000000000000000000e+00
1.914729910224736154e+00,7.676107293560360034e+00,1.000000000000000000e+00
2.980096494161477150e+00,8.712020783719980344e+00,1.000000000000000000e+00
3.316819207940807424e+00,8.812539257319105701e+00,1.000000000000000000e+00
1.744056479351245859e+00,9.440948538191777928e+00,1.000000000000000000e+00
3.879944591753196281e+00,9.163072435644107117e+00,1.000000000000000000e+00
2.745303122801535878e+00,9.908956407167973879e+00,1.000000000000000000e+00
2.277497037650172196e+00,7.395274134214530726e+00,1.000000000000000000e+00
3.680770259634831731e+00,9.148541449287346694e+00,1.000000000000000000e+00
1.823404951954869180e+00,7.348676273427448891e+00,1.000000000000000000e+00
3.328644276296054638e+00,8.223315227177685927e+00,1.000000000000000000e+00
1.928885101210206621e+00,9.248714875271488722e+00,1.000000000000000000e+00
2.123365987243150954e+00,7.798881320993420019e+00,1.000000000000000000e+00
2.795666179047171962e+00,9.988239589128427909e+00,1.000000000000000000e+00
1.826351119328856853e+00,9.052234154526626497e+00,1.000000000000000000e+00
2.052856706251281693e+00,9.927695978796226228e+00,1.000000000000000000e+00
2.975969825049586515e+00,8.062970163319112871e+00,1.000000000000000000e+00
3.445275449376773214e+00,8.220554133594282220e+00,1.000000000000000000e+00
1.346957849711690525e+00,9.950274971225184117e+00,1.000000000000000000e+00
2.821238974763827123e+00,8.052619685419257323e+00,1.000000000000000000e+00
1.872871797946376704e+00,8.307559037000878277e+00,1.000000000000000000e+00
2.838359188526161425e+00,9.266869703584999840e+00,1.000000000000000000e+00
2.714551218141393996e+00,9.566273518750451288e+00,1.000000000000000000e+00
1.929893387131324189e+00,9.266746397642583233e+00,1.000000000000000000e+00
2.718519168143936238e+00,9.660276625324847544e+00,1.000000000000000000e+00
1.923484024403022907e+00,7.736404777118023546e+00,1.000000000000000000e+00
3.477505170832771331e+00,9.590200556472026960e+00,1.000000000000000000e+00
1.293495284255785194e+00,9.660098683034119560e+00,1.000000000000000000e+00
1.283965017695665178e+00,7.475960060748848335e+00,1.000000000000000000e+00
2.005134712581450707e+00,9.799476580799758807e+00,1.000000000000000000e+00
1.486083403780335654e+00,8.771391839842742399e+00,1.000000000000000000e+00
3.399363393541951162e+00,8.272074157305310038e+00,1.000000000000000000e+00
1.853204832834122406e+00,7.266756075085983646e+00,1.000000000000000000e+00
1.886979042716679267e+00,9.143393722861329564e+00,1.000000000000000000e+00
3.434485707796524068e+00,7.672694769294934325e+00,1.000000000000000000e+00
3.622520410710174055e+00,9.049302485016941233e+00,1.000000000000000000e+00
1.294808890034014226e+00,8.323207565740071701e+00,1.000000000000000000e+00
2.322588678921695848e+00,7.376968517388377222e+00,1.000000000000000000e+00
1.649871606521462475e+00,9.309700448221345681e+00,1.000000000000000000e+00
2.885068694689905566e+00,7.497653349049413940e+00,1.000000000000000000e+00
3.858432721146444422e+00,8.207020936001267586e+00,1.000000000000000000e+00
2.225274226244022380e+00,7.823705216659055495e+00,1.000000000000000000e+00
3.851565892835506322e+00,7.128775956693230498e+00,1.000000000000000000e+00
3.401753391066796084e+00,7.930626046968873410e+00,1.000000000000000000e+00
1.791142815910963471e+00,7.204128613482104093e+00,1.000000000000000000e+00
1.113262592637342729e+00,7.668288501165193338e+00,1.000000000000000000e+00
2.163620789799881816e+00,8.532642314570022535e+00,1.000000000000000000e+00
2.156772617621882659e+00,8.398824896871206036e+00,1.000000000000000000e+00
2.689383165731448422e+00,8.991852017037221145e+00,1.000000000000000000e+00
1.659602084188806836e+00,8.239332700598982484e+00,1.000000000000000000e+00
2.206013732139830985e+00,7.921754069703549561e+00,1.000000000000000000e+00
1.768512087419342738e+00,8.526595995217922663e+00,1.000000000000000000e+00
1.625333386889626697e+00,9.050767141950892380e+00,1.000000000000000000e+00
3.716640764662215268e+00,9.369407302282812822e+00,1.000000000000000000e+00
1.648126219794019853e+00,8.438405034724009823e+00,1.000000000000000000e+00
1.483017621971392419e+00,9.060198838075741889e+00,1.000000000000000000e+00
3.511261704213795909e+00,8.010620987313094687e+00,1.000000000000000000e+00
2.083440098029196275e+00,7.097004331259197940e+00,1.000000000000000000e+00
3.337571968604659212e+00,8.895561253153232428e+00,1.000000000000000000e+00
1.328787530036787956e+00,9.325297489898543901e+00,1.000000000000000000e+00
2.884507631789577253e+00,8.570655213804844408e+00,1.000000000000000000e+00
3.138623669050419895e+00,9.265890537310522035e+00,1.000000000000000000e+00
2.899453211384273921e+00,7.185590677228518075e+00,1.000000000000000000e+00
1.030046226086481109e+00,7.022411901779429755e+00,1.000000000000000000e+00
3.786249148977042900e+00,7.965149209146771270e+00,1.000000000000000000e+00
3.435065487288603059e+00,8.150407407525364079e+00,1.000000000000000000e+00
2.047093388465283326e+00,8.233769885906736974e+00,1.000000000000000000e+00
2.074485374551148897e+00,9.441089232804065645e+00,1.000000000000000000e+00
3.147660033679777314e+00,9.809733420117064284e+00,1.000000000000000000e+00
1.189739884132801073e+00,8.310058705476610186e+00,1.000000000000000000e+00
1.069431272837638058e+00,9.105941771090380499e+00,1.000000000000000000e+00
1.489455130528671400e+00,9.520082494397698269e+00,1.000000000000000000e+00
3.762851961407672530e+00,8.248024351745380400e+00,1.000000000000000000e+00
1.862783357786350624e+00,7.491995514192684169e+00,1.000000000000000000e+00
3.720333146626458642e+00,9.556190013176870224e+00,1.000000000000000000e+00
3.311854253663850223e+00,9.887855841757652087e+00,1.000000000000000000e+00
3.705652999403960202e+00,8.732195093479985459e+00,1.000000000000000000e+00
1.093617943467295683e+00,7.805250185482390357e+00,1.000000000000000000e+00
2.158611599570881001e+00,9.583619777880556967e+00,1.000000000000000000e+00
3.282398900172042833e+00,7.380998735994054982e+00,1.000000000000000000e+00
1.664069192727618329e+00,7.410548465371415539e+00,1.000000000000000000e+00
3.251705053269175139e+00,7.267587412197475949e+00,1.000000000000000000e+00
2.704685996654777824e+00,7.962844835684262712e+00,1.000000000000000000e+00
2.670171467061604798e+00,9.840524817571795424e+00,1.000000000000000000e+00
2.183421898137447137e+00,9.401008470416593710e+00,1.000000000000000000e+00
2.912627172560585898e+00,8.453446816492988347e+00,1.000000000000000000e+00
3.464782476462796801e+00,8.018933583550788669e+00,1.000000000000000000e+00
3.916297757754386044e+00,8.832011110168082269e+00,1.000000000000000000e+00
3.387381159370796979e+00,7.733358512381162342e+00,1.000000000000000000e+00
2.338045198811803171e+00,8.038867576397208836e+00,1.000000000000000000e+00
3.251385511941160544e+00,7.751911272152713472e+00,1.000000000000000000e+00
1.784540585684289749e+00,7.547059839539752346e+00,1.000000000000000000e+00
2.265074949400600612e+00,8.094774831660414449e+00,1.000000000000000000e+00
3.540810984693550267e+00,9.263078476555840268e+00,1.000000000000000000e+00
2.439120815034554912e+00,8.500234340074857897e+00,1.000000000000000000e+00
2.202735513452539706e+00,8.764770614675587268e+00,1.000000000000000000e+00
1.238335039985983599e+00,9.348298033331452928e+00,1.000000000000000000e+00
3.226740545748001843e+00,8.795016059323481628e+00,1.000000000000000000e+00
3.689480521735916785e+00,8.848752058121272412e+00,1.000000000000000000e+00
1.044955980820415853e+00,8.757509960415251982e+00,1.000000000000000000e+00
1.535808162262221721e+00,9.386915405671151902e+00,1.000000000000000000e+00
1.587117416017984173e+00,7.236579771747511991e+00,1.000000000000000000e+00
2.807003675573279455e+00,7.873395645483946659e+00,1.000000000000000000e+00
3.851707827324262645e+00,7.657550460170574169e+00,1.000000000000000000e+00
3.742367880545514947e+00,8.845930163148180370e+00,1.000000000000000000e+00
3.014442188614673945e+00,9.079428146721847170e+00,1.000000000000000000e+00
2.245111584383890690e+00,8.423291002485038703e+00,1.000000000000000000e+00
3.314781748012741058e+00,9.223363115280559299e+00,1.000000000000000000e+00
2.652754209411402719e+00,8.972539997602993367e+00,1.000000000000000000e+00
3.715452038350948172e+00,9.858649882038303502e+00,1.000000000000000000e+00
3.135124859839733880e+00,9.417960975983127980e+00,1.000000000000000000e+00
1.615036034270546983e+00,9.986932772836910388e+00,1.000000000000000000e+00
3.076928849375511810e+00,8.014455247408500682e+00,1.000000000000000000e+00
1.064643059807793612e+00,7.854708547726727552e+00,1.000000000000000000e+00
3.604880941192718957e+00,7.090944281954630668e+00,1.000000000000000000e+00
2.605504085678182591e+00,9.878425034860972787e+00,1.000000000000000000e+00
2.048489533948520069e+00,8.108775786761711402e+00,1.000000000000000000e+00
1.626310609313103672e+00,7.976365370364868035e+00,1.000000000000000000e+00
1.027272458125235044e+00,9.216028233904445699e+00,1.000000000000000000e+00
1.386261395692322207e+00,9.245976845117612086e+00,1.000000000000000000e+00
1.837921029224140579e+00,7.693105515598997357e+00,1.000000000000000000e+00
2.540284648917729982e+00,8.654665717044004225e+00,1.000000000000000000e+00
2.878367190514389939e+00,9.474953610370022261e+00,1.000000000000000000e+00
3.781135068605973704e+00,7.851702881960155089e+00,1.000000000000000000e+00
3.845151619990599290e+00,9.870466794927491350e+00,1.000000000000000000e+00
3.876125332942889745e+00,9.207229672556396238e+00,1.000000000000000000e+00
3.604998878197295475e+00,8.761776622736064724e+00,1.000000000000000000e+00
3.545982976268726716e+00,7.695583139312592635e+00,1.000000000000000000e+00
2.213411143041575269e+00,7.303175261408178187e+00,1.000000000000000000e+00
3.534854959602913738e+00,8.984065276305937431e+00,1.000000000000000000e+00
1.088956546747002374e+00,7.740730232343559614e+00,1.000000000000000000e+00
3.592311177323286309e+00,9.570055513530757452e+00,1.000000000000000000e+00
1.799549746693157815e+00,8.227862481169838205e+00,1.000000000000000000e+00
3.974848856439291200e+00,7.836545387687758435e+00,1.000000000000000000e+00
1.600734275841176668e+00,7.992369381758480884e+00,1.000000000000000000e+00
1.216100612365574651e+00,8.980846114837213179e+00,1.000000000000000000e+00
1.817534008957186975e+00,7.843213929520759464e+00,1.000000000000000000e+00
3.467840190000050615e+00,8.850536167671242183e+00,1.000000000000000000e+00
1.267979348172030729e+00,8.244575057090241188e+00,1.000000000000000000e+00
3.972876421153891613e+00,8.659905176981283148e+00,1.000000000000000000e+00
2.803614716516816596e+00,9.135058579016257951e+00,1.000000000000000000e+00
1.284171029334613356e+00,8.395042570314068087e+00,1.000000000000000000e+00
2.818692927943317716e+00,9.169167058787159874e+00,1.000000000000000000e+00
2.844147135826162298e+00,7.677445919336425284e+00,1.000000000000000000e+00
3.085660349770213529e+00,7.656651684770053201e+00,1.000000000000000000e+00
2.736687431870628018e+00,7.802684386191264920e+00,1.000000000000000000e+00
2.981548352236835786e+00,9.316668762288824013e+00,1.000000000000000000e+00
2.631967384879456251e+00,9.220357524571134888e+00,1.000000000000000000e+00
1.247371763421845747e+00,9.446083429703735490e+00,1.000000000000000000e+00
1.246193498205436345e+00,9.262812049607985543e+00,1.000000000000000000e+00
3.086322660944116336e+00,8.453363425602766767e+00,1.000000000000000000e+00
1.172907711049835378e+00,7.438971282518848760e+00,1.000000000000000000e+00
2.474392080336886401e+00,9.218942313127659105e+00,1.000000000000000000e+00
1.062986127271888792e+00,8.962157458487997275e+00,1.000000000000000000e+00
3.427709891966502109e+00,8.536239152197106606e+00,1.000000000000000000e+00
2.349493705286746170e+00,8.109577646498049575e+00,1.000000000000000000e+00
3.186663989586196344e+00,9.921461130593876021e+00,1.000000000000000000e+00
3.118003363476704592e+00,8.229690492146218617e+00,1.000000000000000000e+00
2.593914725387243880e+00,8.978349909196705170e+00,1.000000000000000000e+00
3.111058223547153556e+00,7.791268996515098522e+00,1.000000000000000000e+00
2.588601967772393930e+00,9.636786098625279351e+00,1.000000000000000000e+00
1.838900866708407467e+00,7.408229308561922188e+00,1.000000000000000000e+00
2.936924613997717870e+00,9.163204616213757703e+00,1.000000000000000000e+00
3.414569792407485149e+00,9.141895586138211627e+00,1.000000000000000000e+00
2.014455825052275273e+00,9.651057208736707693e+00,1.000000000000000000e+00
2.042160805066486340e+00,7.001529941572314009e+00,1.000000000000000000e+00
1.424476547981821106e+00,9.327512992638416378e+00,1.000000000000000000e+00
3.497154232899189807e+00,8.977467299070195139e+00,1.000000000000000000e+00
3.838305970865509842e+00,8.874496202940868272e+00,1.000000000000000000e+00
1.986238730122070750e+00,9.556681314288354656e+00,1.000000000000000000e+00
2.376035167398768522e+00,8.029521768234250345e+00,1.000000000000000000e+00
1.446175911422292959e+00,9.699894218393877665e+00,1.000000000000000000e+00
3.362010961338768755e+00,9.781882516821752915e+00,1.000000000000000000e+00
3.063051654376844901e+00,8.420090491106581254e+00,1.000000000000000000e+00
3.457189788031755917e+00,7.047927222745654419e+00,1.000000000000000000e+00
3.087884266510875442e+00,8.743976583545357784e+00,1.000000000000000000e+00
1.401022170297536285e+00,7.032653743049402273e+00,1.000000000000000000e+00
3.228415778838681582e+00,7.756691380725623475e+00,1.000000000000000000e+00
3.895329622983269235e+00,8.837775707238574086e+00,1.000000000000000000e+00
2.346616137083236353e+00,9.657373010672083424e+00,1.000000000000000000e+00
1.844140183022476620e+00,8.185520693838867601e+00,1.000000000000000000e+00
1.199880832187679491e+00,8.466619911016175948e+00,1.000000000000000000e+00
2.988018301085849870e+00,7.904392930971002151e+00,1.000000000000000000e+00
3.582378020011532271e+00,7.681187633492053912e+00,1.000000000000000000e+00
2.642556746429819192e+00,7.539431949337690675e+00,1.000000000000000000e+00
3.679613929531231342e+00,9.107609144152938541e+00,1.000000000000000000e+00
1.683861961466478707e+00,9.877578403591503076e+00,1.000000000000000000e+00
1.334486188508444471e+00,8.568387182862560181e+00,1.000000000000000000e+00
1.838869130234860982e+00,9.145857465218348636e+00,1.000000000000000000e+00
1.693292320453155586e+00,8.197168007298214931e+00,1.000000000000000000e+00
1.308574394069192071e+00,8.098023343360100768e+00,1.000000000000000000e+00
2.750103688516756240e+00,7.688806284372142308e+00,1.000000000000000000e+00
2.093368245032440011e+00,8.460069417176548257e+00,1.000000000000000000e+00
2.084519838290833427e+00,9.307193631523444921e+00,1.000000000000000000e+00
3.377075099203906916e+00,8.864974265287525412e+00,1.000000000000000000e+00
1.581981488094970523e+00,9.158791860896489112e+00,1.000000000000000000e+00
3.171624304249023751e+00,7.332725688399316155e+00,1.000000000000000000e+00
2.831305247469260156e+00,8.354646700579008822e+00,1.000000000000000000e+00
2.690951926542193284e+00,7.900304856705922418e+00,1.000000000000000000e+00
3.005211661060019690e+00,8.644771943475122455e+00,1.000000000000000000e+00
3.736928130147124882e+00,7.819939077412327855e+00,1.000000000000000000e+00
1.180097064786522765e+00,9.829002385850552415e+00,1.000000000000000000e+00
1.952644446804576495e+00,9.504230758449377703e+00,1.000000000000000000e+00
3.663746945515858666e+00,7.091396111776893108e+00,1.000000000000000000e+00
2.389436689273070957e+00,8.342887999060518922e+00,1.000000000000000000e+00
3.790653470600199082e+00,7.988546592642471467e+00,1.000000000000000000e+00
2.903396544363631371e+00,8.023479106256500515e+00,1.000000000000000000e+00
2.296632344231862355e+00,8.805826004147453645e+00,1.000000000000000000e+00
2.216531543746969923e+00,8.591202811613513290e+00,1.000000000000000000e+00
3.902883148439579841e+00,9.078837817814731537e+00,1.000000000000000000e+00
2.771726242940771634e+00,8.564304713439325312e+00,1.000000000000000000e+00
2.767547871488600819e+00,8.968934841961045734e+00,1.000000000000000000e+00
3.224716982170777069e+00,8.108833998864119152e+00,1.000000000000000000e+00
2.081974011306899186e+00,7.418947649306084635e+00,1.000000000000000000e+00
3.965245639773774311e+00,9.368865716077266370e+00,1.000000000000000000e+00
2.237794901817733439e+00,9.144498501384163092e+00,1.000000000000000000e+00
1.319377607480769488e+00,8.744773848620743806e+00,1.000000000000000000e+00
3.501872450294922778e+00,7.562606132982354623e+00,1.000000000000000000e+00
3.720911931651632365e+00,7.028733655025522609e+00,1.000000000000000000e+00
2.712126096587283541e+00,7.083399620791809070e+00,1.000000000000000000e+00
2.480529052953101221e+00,8.579757449802844604e+00,1.000000000000000000e+00
1.887518038752069138e+00,7.607964108066395781e+00,1.000000000000000000e+00
1.234132544640425433e+00,8.763843016709987666e+00,1.000000000000000000e+00
3.976754599809285473e+00,9.809119804027371714e+00,1.000000000000000000e+00
2.665272238267448301e+00,8.676474820687985812e+00,1.000000000000000000e+00
3.657555443453555100e+00,8.760992283372825540e+00,1.000000000000000000e+00
2.234663897409311151e+00,8.550416297798417276e+00,1.000000000000000000e+00
1.029085146622740643e+00,9.408210002489893142e+00,1.000000000000000000e+00
3.919666927169866533e+00,9.370335245123738943e+00,1.000000000000000000e+00
1.439283688314393572e+00,7.631586635096221372e+00,1.000000000000000000e+00
1.713598885154815399e+00,7.761224434619212076e+00,1.000000000000000000e+00
2.593836313225213797e+00,8.404677018461876870e+00,1.000000000000000000e+00
1.106688347193206745e+00,8.001596103021942241e+00,1.000000000000000000e+00
2.490759062129483947e+00,8.050364900655106126e+00,1.000000000000000000e+00
2.600476587977905929e+00,9.190030845662187531e+00,1.000000000000000000e+00
2.847786802135650497e+00,8.636818201719695054e+00,1.000000000000000000e+00
1.674201583103637425e+00,7.497643883902878947e+00,1.000000000000000000e+00
2.399225459128577320e+00,9.739971356945240188e+00,1.000000000000000000e+00
2.348179764684553916e+00,9.862876535267048439e+00,1.000000000000000000e+00
3.334399943265700550e+00,8.891053379814843893e+00,1.000000000000000000e+00
1.340207717434960921e+00,9.032673458474942407e+00,1.000000000000000000e+00
1.620227049813248943e+00,8.342746713446057782e+00,1.000000000000000000e+00
1.216733780093891548e+00,7.279794396508311394e+00,1.000000000000000000e+00
1.164466263163354665e+00,8.486600304480166557e+00,1.000000000000000000e+00
1.675971445939811399e+00,9.842793081691791457e+00,1.000000000000000000e+00
1.016021564557977541e+00,7.728153099384911684e+00,1.000000000000000000e+00
1.513593388449354427e+00,8.523953291351613615e+00,1.000000000000000000e+00
2.365297725118091332e+00,9.848685854043518262e+00,1.000000000000000000e+00
2.268295212632328361e+00,9.602272488844988629e+00,1.000000000000000000e+00
3.087095059376355533e+00,8.953931051839278510e+00,1.000000000000000000e+00
1.545016855897963559e+00,8.570075562307488681e+00,1.000000000000000000e+00
3.547261218100943303e+00,8.268397648611072626e+00,1.000000000000000000e+00
3.522268804272702614e+00,8.171544664671767322e+00,1.000000000000000000e+00
1.008439739616659558e+00,8.594511874194219914e+00,1.000000000000000000e+00
1.278803095190936823e+00,8.049140604909714725e+00,1.000000000000000000e+00
3.171762948818615868e+00,7.256797440106651287e+00,1.000000000000000000e+00
3.370540229539764621e+00,9.630134997102294037e+00,1.000000000000000000e+00
1.647452116821447765e+00,9.414091657691233905e+00,1.000000000000000000e+00
3.419399826605006520e+00,7.402137175462589980e+00,1.000000000000000000e+00
1.537455510591910546e+00,7.353989084710660151e+00,1.000000000000000000e+00
2.336435474091492104e+00,8.348486286154114921e+00,1.000000000000000000e+00
3.040223744455163413e+00,7.799098679565965142e+00,1.000000000000000000e+00
1.915413799651314974e+00,8.151107618500487817e+00,1.000000000000000000e+00
3.254623175461983209e+00,8.987343123607871576e+00,1.000000000000000000e+00
2.975899542517848051e+00,8.007198258272845592e+00,1.000000000000000000e+00
3.850905323255918944e+00,9.003239064116849377e+00,1.000000000000000000e+00
1.025222821675790819e+00,8.450338069322027579e+00,1.000000000000000000e+00
3.320683303478008774e+00,8.551808706207069122e+00,1.000000000000000000e+00
1.794734768956000703e+00,9.981533574707247780e+00,1.000000000000000000e+00
2.901408769905985174e+00,7.602246492536547606e+00,1.000000000000000000e+00
1.637633247031653472e+00,8.361235724037516803e+00,1.000000000000000000e+00
2.631075466113101058e+00,7.021473758190674097e+00,1.000000000000000000e+00
1.492967070086572701e+00,9.765956274718778474e+00,1.000000000000000000e+00
1.712421316606069333e+00,8.505243493293631829e+00,1.000000000000000000e+00
3.567430168241750188e+00,8.232935636901586918e+00,1.000000000000000000e+00
2.208698908863372168e+00,8.439247747930915367e+00,1.000000000000000000e+00
3.137285795997398097e+00,9.195947296875321086e+00,1.000000000000000000e+00
3.182548897094916729e+00,7.908807774675407742e+00,1.000000000000000000e+00
1.151987446746486121e+00,7.268279297053722665e+00,1.000000000000000000e+00
2.948062176813238011e+00,9.360397555000592007e+00,1.000000000000000000e+00
1.339980933522606277e+00,9.990816679592443350e+00,1.000000000000000000e+00
2.718138146901183383e+00,7.319093305610151035e+00,1.000000000000000000e+00
2.193077054043300222e+00,8.440049590854973971e+00,1.000000000000000000e+00
1.950630933588543225e+00,9.315570052091519671e+00,1.000000000000000000e+00
2.017634713626293763e+00,7.924997931386547734e+00,1.000000000000000000e+00
3.873868346232621107e+00,7.840564165321383783e+00,1.000000000000000000e+00
3.581753285678581644e+00,7.125456626706103691e+00,1.000000000000000000e+00
1.634151125937151283e+00,8.932579894451482261e+00,1.000000000000000000e+00
3.608704870468422587e+00,7.766610896570814937e+00,1.000000000000000000e+00
1.410187687168483528e+00,7.918892251338056631e+00,1.000000000000000000e+00
1.448974544913263607e+00,8.136783361852305774e+00,1.000000000000000000e+00
1.010379359518411846e+00,8.919976334673872742e+00,1.000000000000000000e+00
2.806716259392878943e+00,8.822983664698780260e+00,1.000000000000000000e+00
1.178586971659136839e+00,8.085423452223924556e+00,1.000000000000000000e+00
2.657830331907216515e+00,7.174969089546021195e+00,1.000000000000000000e+00
1.402324608811572837e+00,9.331598731840479388e+00,1.000000000000000000e+00
2.057332060808210628e+00,9.272728772289671184e+00,1.000000000000000000e+00
2.917233629338936041e+00,8.976183081896461857e+00,1.000000000000000000e+00
3.269265269118637462e+00,8.107148471399533207e+00,1.000000000000000000e+00
1.929886469850350394e+00,8.244310074512377184e+00,1.000000000000000000e+00
3.894771363497888661e+00,8.383917137735721781e+00,1.000000000000000000e+00
1.568265457723385659e+00,8.635268793312679492e+00,1.000000000000000000e+00
1.194571056265967046e+00,9.125276752389366308e+00,1.000000000000000000e+00
2.759170589223638892e+00,9.316648293218376509e+00,1.000000000000000000e+00
1.181217865786916565e+00,8.509669223106351765e+00,1.000000000000000000e+00
1.800052979331335568e+00,7.988854466106148244e+00,1.000000000000000000e+00
2.776488087023009310e+00,8.154979636544521071e+00,1.000000000000000000e+00
1.303897932581141283e+00,7.994484762124633548e+00,1.000000000000000000e+00
1.698173667305496792e+00,8.419156620881979691e+00,1.000000000000000000e+00
1.862339942851394037e+00,8.699902949511375994e+00,1.000000000000000000e+00
1.114276953188567454e+00,9.036671567691239915e+00,1.000000000000000000e+00
3.703517679636156856e+00,9.064935134035946973e+00,1.000000000000000000e+00
2.798869007353538496e+00,9.797823063137672150e+00,1.000000000000000000e+00
1.811457632206578072e+00,9.858112816415179225e+00,1.000000000000000000e+00
3.305153881280696204e+00,9.022449919955603193e+00,1.000000000000000000e+00
1.393164936859679681e+00,7.792437315899859662e+00,1.000000000000000000e+00
3.126312280658325449e+00,9.282202425088797781e+00,1.000000000000000000e+00
3.922750798593964028e+00,7.556664353134381784e+00,1.000000000000000000e+00
2.897231055157816648e+00,8.632676509374672236e+00,1.000000000000000000e+00
2.262286080483023820e+00,8.998175591241349025e+00,1.000000000000000000e+00
2.749235231748478725e+00,7.312521778871982292e+00,1.000000000000000000e+00
3.506619658977774279e+00,7.888855810334197471e+00,1.000000000000000000e+00
3.351194898081667706e+00,8.544989405215762446e+00,1.000000000000000000e+00
3.632143785858704899e+00,7.750206942911872510e+00,1.000000000000000000e+00
3.432267091469946685e+00,7.231341878093142661e+00,1.000000000000000000e+00
3.187768566616129284e+00,8.368792676186107116e+00,1.000000000000000000e+00
3.080047204019500384e+00,8.566615417275036393e+00,1.000000000000000000e+00
3.110597784630806828e+00,7.199486270241508556e+00,1.000000000000000000e+00
3.033895394744341889e+00,8.338259462856884241e+00,1.000000000000000000e+00
1.723310371439811473e+00,9.858839246416074786e+00,1.000000000000000000e+00
2.451873910570149917e+00,7.954402286939813216e+00,1.000000000000000000e+00
1.506397068698483555e+00,7.169113841042782376e+00,1.000000000000000000e+00
1.113944257573037833e+00,7.898367570150480965e+00,1.000000000000000000e+00
3.033770039090931903e+00,7.323333025614923386e+00,1.000000000000000000e+00
3.231887936758130131e+00,8.606220892830098279e+00,1.000000000000000000e+00
3.478718136783039760e+00,7.781726687939131359e+00,1.000000000000000000e+00
1.042178091545311158e+00,7.134843279119469805e+00,1.000000000000000000e+00
2.467777938743933586e+00,9.196638443679818309e+00,1.000000000000000000e+00
1.525073840772813938e+00,8.961988067557623339e+00,1.000000000000000000e+00
3.478404239564908629e+00,9.589191656514215012e+00,1.000000000000000000e+00
1.564769459449176781e+00,8.583317965167978514e+00,1.000000000000000000e+00
3.442466324804045019e+00,7.710243550047255923e+00,1.000000000000000000e+00
1.229286151833807628e+00,8.717808400713042971e+00,1.000000000000000000e+00
1.738858908185339391e+00,8.774727151495413935e+00,1.000000000000000000e+00
3.940607129991711144e+00,9.991732316747786058e+00,1.000000000000000000e+00
2.115989530626328552e+00,7.823523940435221036e+00,1.000000000000000000e+00
1.872942862557055221e+00,8.974296909505675046e+00,1.000000000000000000e+00
1.763545849271527022e+00,9.975016072846251802e+00,1.000000000000000000e+00
2.514937567738560364e+00,9.648557328726241167e+00,1.000000000000000000e+00
1.119690584691890978e+00,8.901511547928587120e+00,1.000000000000000000e+00
1.351561343210881727e+00,8.313651362454059779e+00,1.000000000000000000e+00
1.138536620475491423e+00,7.011153956856451153e+00,1.000000000000000000e+00
3.979552550832750502e+00,9.580483302307930771e+00,1.000000000000000000e+00
1.572746463395049865e+00,8.217867531101617828e+00,1.000000000000000000e+00
1.264272006246822677e+00,8.349820296437652445e+00,1.000000000000000000e+00
2.508670485582364051e+00,8.552441515151958384e+00,1.000000000000000000e+00
2.461590461326582435e+00,7.833353015678458320e+00,1.000000000000000000e+00
3.305574786936885001e+00,7.797434884988274639e+00,1.000000000000000000e+00
2.986423623133971805e+00,9.090551333612662432e+00,1.000000000000000000e+00
2.100077995001046638e+00,9.685098758896440785e+00,1.000000000000000000e+00
3.240384169525204250e+00,9.038103951110375789e+00,1.000000000000000000e+00
1.491935295510472104e+00,9.213462922380728060e+00,1.000000000000000000e+00
3.990112855530016045e+00,7.742708776771603851e+00,1.000000000000000000e+00
3.051156368470311797e+00,9.824344989067043343e+00,1.000000000000000000e+00
2.780215673765244144e+00,8.984896720646634805e+00,1.000000000000000000e+00
3.861052612968873365e+00,9.768551580745986840e+00,1.000000000000000000e+00
1.770968605646664695e+00,9.554463437182247887e+00,1.000000000000000000e+00
2.189003726155862140e+00,8.207538910827034684e+00,1.000000000000000000e+00
3.741255328352159459e+00,7.493413652466602848e+00,1.000000000000000000e+00
2.525139949765913716e+00,9.835696671808481284e+00,1.000000000000000000e+00
2.577722664835755850e+00,9.369349380201416722e+00,1.000000000000000000e+00
2.445811279226692392e+00,9.581442347138311888e+00,1.000000000000000000e+00
3.775992160958794752e+00,8.217175459743504717e+00,1.000000000000000000e+00
1.426318453763580241e+00,7.137726571649279705e+00,1.000000000000000000e+00
2.601715224590254394e+00,8.414592065421961919e+00,1.000000000000000000e+00
2.270477231055496148e+00,7.431714201418142984e+00,1.000000000000000000e+00
2.976405093562599191e+00,8.019892248099470322e+00,1.000000000000000000e+00
3.113069468261961070e+00,7.345433386342956616e+00,1.000000000000000000e+00
3.901884852062571518e+00,8.162118201298120823e+00,1.000000000000000000e+00
1.533148315759535141e+00,7.514255896157613357e+00,1.000000000000000000e+00
1.618347091616767264e+00,7.570374688396206864e+00,1.000000000000000000e+00
1.765498066786809872e+00,8.153683201826085636e+00,1.000000000000000000e+00
3.999449740976666945e+00,8.186504123091454588e+00,1.000000000000000000e+00
1.488914617735372481e+00,8.216610288489325953e+00,1.000000000000000000e+00
2.543404863592403586e+00,8.821410360612892632e+00,1.000000000000000000e+00
3.629877040184524173e+00,8.921742230515022243e+00,1.000000000000000000e+00
3.758420687208525290e+00,9.040847091220731713e+00,1.000000000000000000e+00
2.760930493312383938e+00,9.850225534837022678e+00,1.000000000000000000e+00
2.374594424359436573e+00,7.138827844517591892e+00,1.000000000000000000e+00
1.652205740391454736e+00,9.243052575351011768e+00,1.000000000000000000e+00
3.538640272292332245e+00,9.350717665134618883e+00,1.000000000000000000e+00
2.874511733534462987e+00,8.211247188356857407e+00,1.000000000000000000e+00
1.160310383970611703e+00,9.599239862046790250e+00,1.000000000000000000e+00
2.620140234853324035e+00,9.593152825559464247e+00,1.000000000000000000e+00
3.565896655050834418e+00,9.978418636826342336e+00,1.000000000000000000e+00
1.721365044889457074e+00,7.741918727538834588e+00,1.000000000000000000e+00
2.463855174211452059e+00,7.333533943292511736e+00,1.000000000000000000e+00
2.763679997236355046e+00,8.428356325215734302e+00,1.000000000000000000e+00
1.552740975566348602e+00,9.561614108027903569e+00,1.000000000000000000e+00
2.093323933793929115e+00,8.883747885874781147e+00,1.000000000000000000e+00
1.249890383808100136e+00,8.663513778031944668e+00,1.000000000000000000e+00
3.064264548395196464e+00,9.395970535590041806e+00,1.000000000000000000e+00
1.262307264478724544e+00,8.800281463188383668e+00,1.000000000000000000e+00
3.929115996712238434e+00,7.336983607705284349e+00,1.000000000000000000e+00
2.384580360154151535e+00,7.925293627005920882e+00,1.000000000000000000e+00
2.564186394153777915e+00,7.773892744780906305e+00,1.000000000000000000e+00
2.349881234007875186e+00,9.366140565364744930e+00,1.000000000000000000e+00
1.816143361232153364e+00,9.667823030555805275e+00,1.000000000000000000e+00
1.235685286556068796e+00,9.332611448029407342e+00,1.000000000000000000e+00
2.056301378352644704e+00,8.461923286682360157e+00,1.000000000000000000e+00
1.222158256222743322e+00,9.832735162088512837e+00,1.000000000000000000e+00
2.085735706437359394e+00,8.093225124843367979e+00,1.000000000000000000e+00
3.685150514715675119e+00,8.696124796392211920e+00,1.000000000000000000e+00
1.005472757671023398e+00,9.339917044501659049e+00,1.000000000000000000e+00
3.410147106252358729e+00,7.362564363181935079e+00,1.000000000000000000e+00
1.548643920755504499e+00,8.060356645694977118e+00,1.000000000000000000e+00
2.058199320932875054e+00,8.214943761365166353e+00,1.000000000000000000e+00
1.414318560622396248e+00,8.584458780103050302e+00,1.000000000000000000e+00
3.053111877476483826e+00,8.278139456032564070e+00,1.000000000000000000e+00
9.933059597155978082e+00,2.186084647820360605e+00,-1.000000000000000000e+00
9.199531782931245516e+00,2.386122296470193138e+00,-1.000000000000000000e+00
9.189279251169631735e+00,2.540826078660407106e+00,-1.000000000000000000e+00
7.729148113065332559e+00,1.424653165210151062e+00,-1.000000000000000000e+00
9.529598617573338259e+00,1.428848249155524996e+00,-1.000000000000000000e+00
8.745878610381955909e+00,3.735247341899504026e+00,-1.000000000000000000e+00
9.290014403601562165e+00,1.170615083877109219e+00,1.000000000000000000e+00
9.454523819357678605e+00,1.235904231661130392e+00,-1.000000000000000000e+00
9.571921364411018374e+00,2.765826832230578791e+00,-1.000000000000000000e+00
7.227454019653252182e+00,3.992979915703913640e+00,-1.000000000000000000e+00
8.097335627283918313e+00,3.898448801981312606e+00,-1.000000000000000000e+00
9.800219523911643194e+00,3.836201113266630713e+00,-1.000000000000000000e+00
9.777563952482932308e+00,2.308384693030498980e+00,-1.000000000000000000e+00
9.537906811867852497e+00,2.707392166243701048e+00,-1.000000000000000000e+00
8.501733062789922357e+00,1.386484553047659052e+00,-1.000000000000000000e+00
7.902395829527431914e+00,3.629500259239125448e+00,-1.000000000000000000e+00
7.201795306080978953e+00,2.577253271950809221e+00,1.000000000000000000e+00
9.159816839301925029e+00,3.850419630157351669e+00,-1.000000000000000000e+00
8.258360051147320746e+00,3.691859149551806496e+00,-1.000000000000000000e+00
8.069220123629913033e+00,1.685240120169643863e+00,-1.000000000000000000e+00
8.459073972907560801e+00,3.445560617972618367e+00,-1.000000000000000000e+00
8.131070110479525326e+00,3.865468449937220718e+00,-1.000000000000000000e+00
9.218064498970024445e+00,2.497199169092495730e+00,-1.000000000000000000e+00
9.104960715611394306e+00,1.429800879108458656e+00,-1.000000000000000000e+00
9.440050565678676620e+00,3.081878390559822822e+00,-1.000000000000000000e+00
8.527217802848385375e+00,2.219436667232706828e+00,-1.000000000000000000e+00
9.180051388561741632e+00,3.541250254458179647e+00,-1.000000000000000000e+00
9.581885534910458802e+00,2.827406688373832910e+00,-1.000000000000000000e+00
8.937999750191114146e+00,2.421409030687827979e+00,-1.000000000000000000e+00
8.282579611392016261e+00,1.380429126615433599e+00,-1.000000000000000000e+00
9.598208792562985536e+00,1.835522037906012649e+00,-1.000000000000000000e+00
7.482035171532151807e+00,1.044383639607112002e+00,-1.000000000000000000e+00
8.133921007208469334e+00,2.008550356748235899e+00,-1.000000000000000000e+00
8.132635236071177331e+00,2.320455647588631098e+00,-1.000000000000000000e+00
8.247642085904585585e+00,2.208944420697874556e+00,-1.000000000000000000e+00
7.571271130761203061e+00,2.906666984312030522e+00,-1.000000000000000000e+00
7.142247124082528487e+00,1.677634335182812242e+00,-1.000000000000000000e+00
8.297663558227258207e+00,3.375773336155493798e+00,-1.000000000000000000e+00
7.217192623375440874e+00,2.158646731216645520e+00,-1.000000000000000000e+00
8.623059007421913336e+00,3.767535038951500770e+00,-1.000000000000000000e+00
9.954630327456623462e+00,1.115891121517091467e+00,-1.000000000000000000e+00
8.206563904220054440e+00,3.741860367165697809e+00,-1.000000000000000000e+00
9.518577612680861222e+00,1.587161813909123254e+00,-1.000000000000000000e+00
8.573895205653030871e+00,2.135578093150911627e+00,-1.000000000000000000e+00
7.740998670887183408e+00,3.912538683365103243e+00,-1.000000000000000000e+00
7.306585867973526938e+00,2.241354068165141378e+00,-1.000000000000000000e+00
9.986313591035031578e+00,2.491037745575840123e+00,-1.000000000000000000e+00
8.967441766580542151e+00,3.659065146842428895e+00,-1.000000000000000000e+00
9.157930005886814939e+00,3.118257450351111792e+00,-1.000000000000000000e+00
9.573473126092990171e+00,1.695453396045409011e+00,-1.000000000000000000e+00
8.437922051503520038e+00,1.539643105112233012e+00,-1.000000000000000000e+00
9.217426728653613566e+00,2.778705684658921093e+00,-1.000000000000000000e+00
7.539878934229445662e+00,3.991091040776737930e+00,-1.000000000000000000e+00
8.241775692351140492e+00,3.119109772651587953e+00,-1.000000000000000000e+00
7.022051926167497626e+00,2.394034832442720528e+00,-1.000000000000000000e+00
9.868826627655208128e+00,3.365616199358074212e+00,-1.000000000000000000e+00
8.409959078324961368e+00,3.211983518883039235e+00,-1.000000000000000000e+00
7.888502030077731320e+00,1.787988286025737894e+00,-1.000000000000000000e+00
7.602865730780040465e+00,2.204472957904181740e+00,-1.000000000000000000e+00
9.287911840044642986e+00,1.285704593807535989e+00,-1.000000000000000000e+00
9.549761879166647205e+00,3.671227727213467240e+00,-1.000000000000000000e+00
8.199362805024883016e+00,3.194574923336007899e+00,-1.000000000000000000e+00
7.481927196090186527e+00,2.624966586161148641e+00,-1.000000000000000000e+00
8.943628207444858091e+00,1.683523326209821924e+00,-1.000000000000000000e+00
8.158868600295754447e+00,3.994745121974490942e+00,-1.000000000000000000e+00
9.556173387953087683e+00,3.156567296427599700e+00,1.000000000000000000e+00
7.471453975752684329e+00,1.564148983924918301e+00,-1.000000000000000000e+00
7.946986137391657934e+00,2.585806810265302236e+00,-1.000000000000000000e+00
8.001525459762486747e+00,3.512941940478715885e+00,-1.000000000000000000e+00
7.100029294380811429e+00,1.205590171334335103e+00,-1.000000000000000000e+00
9.024868744340835747e+00,1.814305407951828819e+00,-1.000000000000000000e+00
8.834370394492866652e+00,3.063819614123481472e+00,-1.000000000000000000e+00
8.877797687708765650e+00,1.627875646932608333e+00,-1.000000000000000000e+00
9.353897913562391864e+00,3.111708402129804263e+00,-1.000000000000000000e+00
9.800316611815507173e+00,2.027795530543634150e+00,-1.000000000000000000e+00
7.009645965231426246e+00,3.824539289113688234e+00,-1.000000000000000000e+00
9.687210700977114897e+00,1.353424434036515134e+00,-1.000000000000000000e+00
9.075587710602061264e+00,1.463069814991116768e+00,-1.000000000000000000e+00
7.882002985678380647e+00,1.612476012804413550e+00,1.000000000000000000e+00
8.355095675182891313e+00,2.106278722994178842e+00,-1.000000000000000000e+00
8.725214943781255172e+00,3.668937109700126431e+00,-1.000000000000000000e+00
7.052853923655998614e+00,2.277161624806356865e+00,-1.000000000000000000e+00
8.202212544949119888e+00,2.797901372077819637e+00,1.000000000000000000e+00
9.681036974883653556e+00,2.672562151138912157e+00,-1.000000000000000000e+00
8.504598883750468019e+00,1.046559287203518762e+00,-1.000000000000000000e+00
7.372191091441442801e+00,2.626042588344516204e+00,-1.000000000000000000e+00
8.102485546194968080e+00,1.762831567548883704e+00,-1.000000000000000000e+00
9.570837700014683591e+00,3.703666367219052624e+00,-1.000000000000000000e+00
8.990645101564490815e+00,2.671526112010395693e+00,-1.000000000000000000e+00
8.889802390968490897e+00,1.656552562542607188e+00,-1.000000000000000000e+00
9.283576996962013439e+00,2.165572270038538694e+00,-1.000000000000000000e+00
8.296993812955626879e+00,2.217041054971057079e+00,-1.000000000000000000e+00
7.140561404943354340e+00,3.135576444382501826e+00,-1.000000000000000000e+00
9.436897734490349521e+00,2.992101637711108708e+00,1.000000000000000000e+00
9.896895260361253222e+00,2.375561816648715130e+00,-1.000000000000000000e+00
9.848625712591180914e+00,2.024305751383753460e+00,-1.000000000000000000e+00
8.995993502625033500e+00,2.461415731682821573e+00,-1.000000000000000000e+00
9.282449534702866600e+00,3.091591462215619757e+00,-1.000000000000000000e+00
9.792201556713969524e+00,1.338095080831242401e+00,-1.000000000000000000e+00
8.690991846599109394e+00,1.893875255670410596e+00,-1.000000000000000000e+00
8.451059271095664016e+00,3.338387358028713781e+00,-1.000000000000000000e+00
9.903540773086415783e+00,3.599588573044816275e+00,-1.000000000000000000e+00
9.091608178468396417e+00,1.145852798843534526e+00,-1.000000000000000000e+00
9.836014943060794380e+00,1.306800212661336502e+00,-1.000000000000000000e+00
8.480792650030469559e+00,1.502300050865496228e+00,-1.000000000000000000e+00
8.599255189818228118e+00,3.353335851117809518e+00,-1.000000000000000000e+00
8.025071866391403574e+00,3.269122445738807503e+00,-1.000000000000000000e+00
9.725507937180099205e+00,2.905754377411734257e+00,-1.000000000000000000e+00
7.814927763708986674e+00,2.023082836956024089e+00,-1.000000000000000000e+00
8.377208595137382474e+00,3.708985080367964038e+00,-1.000000000000000000e+00
7.693250835205708071e+00,2.439177439757076460e+00,1.000000000000000000e+00
9.195965435390400344e+00,3.130665473031294610e+00,-1.000000000000000000e+00
9.478137007864184227e+00,1.399269591083531772e+00,-1.000000000000000000e+00
7.768689648600498820e+00,1.081625413685054937e+00,-1.000000000000000000e+00
8.438816273476197338e+00,1.591174098132177583e+00,-1.000000000000000000e+00
8.126129217462839449e+00,3.049887591713988044e+00,-1.000000000000000000e+00
8.446055832270854324e+00,2.366403113185178153e+00,-1.000000000000000000e+00
7.975735849783639253e+00,1.890105086864362294e+00,-1.000000000000000000e+00
9.268752540626543635e+00,3.534710997832488655e+00,1.000000000000000000e+00
8.795767305157381699e+00,3.500655242774937115e+00,-1.000000000000000000e+00
8.778734175872791923e+00,3.895851883602276189e+00,-1.000000000000000000e+00
8.569214058527505173e+00,3.480524161017840346e+00,1.000000000000000000e+00
9.359889549462749869e+00,2.812023023984889569e+00,-1.000000000000000000e+00
9.056270694417309031e+00,2.546936518241781577e+00,-1.000000000000000000e+00
9.929612920731530679e+00,3.771532872995639885e+00,-1.000000000000000000e+00
8.059655528546818104e+00,3.740782479509141556e+00,-1.000000000000000000e+00
8.200543441521864096e+00,1.756871426720661322e+00,-1.000000000000000000e+00
8.356486938464778191e+00,3.492795943052521501e+00,-1.000000000000000000e+00
7.275258865653106533e+00,2.029191445640565306e+00,-1.000000000000000000e+00
7.560985492167488609e+00,3.330108524147356697e+00,-1.000000000000000000e+00
8.330362266984137065e+00,1.217153231402596791e+00,-1.000000000000000000e+00
9.109959362483522227e+00,2.652271524088770871e+00,-1.000000000000000000e+00
9.842835855666869804e+00,2.400041247214368401e+00,-1.000000000000000000e+00
9.033344557654938711e+00,2.444819189127815040e+00,-1.000000000000000000e+00
8.444548365320045491e+00,1.137317843255869487e+00,-1.000000000000000000e+00
7.232809592079625816e+00,1.604204812135980873e+00,-1.000000000000000000e+00
8.282957251204436488e+00,3.836497121367391738e+00,-1.000000000000000000e+00
9.824153856860693423e+00,1.152600206436170449e+00,-1.000000000000000000e+00
9.943728969756374880e+00,3.065018757144682748e+00,1.000000000000000000e+00
7.598483064798656095e+00,3.245758046342149150e+00,-1.000000000000000000e+00
9.267926443869971109e+00,3.629550166986959869e+00,-1.000000000000000000e+00
8.978716171243585009e+00,2.607884350694464004e+00,-1.000000000000000000e+00
7.872844253721141605e+00,1.917758751557243402e+00,1.000000000000000000e+00
8.788750628259723641e+00,3.354010894737987414e+00,-1.000000000000000000e+00
8.463953723917427396e+00,1.851033998992303031e+00,-1.000000000000000000e+00
8.899806051913452976e+00,3.172370999668476799e+00,-1.000000000000000000e+00
9.996218201861507779e+00,1.384552133751315584e+00,-1.000000000000000000e+00
7.570405087149698176e+00,2.308433955763648182e+00,-1.000000000000000000e+00
8.053163423123026021e+00,1.543479198786929407e+00,-1.000000000000000000e+00
7.215435840295501002e+00,2.910798468445829457e+00,-1.000000000000000000e+00
9.594473695312178307e+00,1.794255105474229950e+00,-1.000000000000000000e+00
9.780388415686823933e+00,1.061288300318373512e+00,-1.000000000000000000e+00
7.506867120494582046e+00,1.352551628404504935e+00,-1.000000000000000000e+00
7.945794048748643590e+00,1.965216660500193058e+00,1.000000000000000000e+00
7.681401727567404691e+00,2.292844379082536133e+00,-1.000000000000000000e+00
8.800180637139392914e+00,1.617534806503506006e+00,1.000000000000000000e+00
9.697312693786267701e+00,2.464061117615003127e+00,-1.000000000000000000e+00
7.181742362188916040e+00,1.136371089867758810e+00,-1.000000000000000000e+00
8.995991943055177131e+00,2.931181564508698489e+00,-1.000000000000000000e+00
8.669709896342396860e+00,1.756082524839561954e+00,-1.000000000000000000e+00
9.418304336301488888e+00,1.300414402685225346e+00,-1.000000000000000000e+00
9.889805557000146408e+00,1.855683816420661048e+00,-1.000000000000000000e+00
9.887283963562424560e+00,2.865380322309697192e+00,-1.000000000000000000e+00
9.763631517379010916e+00,3.924002856800857142e+00,-1.000000000000000000e+00
7.236209460720658626e+00,2.965429220768792451e+00,-1.000000000000000000e+00
9.207914829073763130e+00,3.037418940407623502e+00,-1.000000000000000000e+00
9.645050324398003028e+00,1.766626453920468354e+00,-1.000000000000000000e+00
8.087712442050390749e+00,3.961874451825218468e+00,-1.000000000000000000e+00
7.713316416902038952e+00,1.699686788287835704e+00,-1.000000000000000000e+00
7.818327118409819754e+00,3.950680156283720379e+00,-1.000000000000000000e+00
9.148560513173880082e+00,3.516652462099540521e+00,-1.000000000000000000e+00
9.449765807994330302e+00,1.708614033656373099e+00,-1.000000000000000000e+00
8.010190994357186511e+00,2.029104286926211032e+00,-1.000000000000000000e+00
9.540030254644360497e+00,3.993621103448784737e+00,-1.000000000000000000e+00
8.196213593880541382e+00,2.450265577135540163e+00,-1.000000000000000000e+00
8.149820440596300841e+00,2.498316922534433715e+00,-1.000000000000000000e+00
7.547691000281866458e+00,1.732663316421754640e+00,1.000000000000000000e+00
7.918655643829227486e+00,3.225951282625293182e+00,-1.000000000000000000e+00
8.136099446701928528e+00,1.036267682261651668e+00,-1.000000000000000000e+00
7.355565007132639721e+00,2.382067258213556471e+00,-1.000000000000000000e+00
7.949511612254657855e+00,2.620678673884740295e+00,-1.000000000000000000e+00
9.550661291728136604e+00,2.820064650116998362e+00,-1.000000000000000000e+00
8.849143821798316267e+00,3.824151042568441294e+00,-1.000000000000000000e+00
9.339458422783534886e+00,1.974613109417930890e+00,-1.000000000000000000e+00
8.316392981957072550e+00,1.336979999144030540e+00,-1.000000000000000000e+00
9.588635610903256890e+00,2.152062614974449506e+00,-1.000000000000000000e+00
7.778501896313834152e+00,3.724763546268597292e+00,-1.000000000000000000e+00
8.870278786629715029e+00,3.111350585330374230e+00,-1.000000000000000000e+00
8.285978753671020769e+00,1.678653479540683779e+00,-1.000000000000000000e+00
8.404498032648678674e+00,1.992636334148726096e+00,-1.000000000000000000e+00
7.685955504814920403e+00,1.338682923069295594e+00,1.000000000000000000e+00
8.434456222456118368e+00,2.954460154766111568e+00,1.000000000000000000e+00
8.330467628992591855e+00,1.356357835233758635e+00,-1.000000000000000000e+00
7.978991156852742073e+00,2.093048130299113296e+00,1.000000000000000000e+00
8.367726365174913639e+00,2.035219810524985018e+00,-1.000000000000000000e+00
7.772004747605689268e+00,2.997083398935025400e+00,-1.000000000000000000e+00
7.956188872583616956e+00,1.786338169536677345e+00,-1.000000000000000000e+00
7.361037940225270582e+00,1.421320064479412615e+00,-1.000000000000000000e+00
9.199423719123586807e+00,3.445697277904665068e+00,-1.000000000000000000e+00
8.990992486228620351e+00,3.088397536763535456e+00,1.000000000000000000e+00
9.812020848239356496e+00,3.282710659275509535e+00,-1.000000000000000000e+00
8.573231223097064202e+00,3.404479690738431596e+00,-1.000000000000000000e+00
9.243657685147965708e+00,1.289185645998232932e+00,-1.000000000000000000e+00
8.048713704691268234e+00,3.536734341914077095e+00,-1.000000000000000000e+00
9.649729167454720979e+00,2.406815281852282773e+00,-1.000000000000000000e+00
8.117013474319218602e+00,2.651629198412082111e+00,-1.000000000000000000e+00
8.250205158789619020e+00,1.014431277401077747e+00,1.000000000000000000e+00
7.930746578856417095e+00,3.351230589772208113e+00,-1.000000000000000000e+00
7.407604715678799856e+00,2.859090305859587566e+00,-1.000000000000000000e+00
9.500545454210843843e+00,1.319914151240332290e+00,1.000000000000000000e+00
7.382482648677571646e+00,2.337696940668964718e+00,-1.000000000000000000e+00
9.073932747903636908e+00,2.374001312603998048e+00,-1.000000000000000000e+00
8.219268537849652390e+00,2.937937433807297882e+00,-1.000000000000000000e+00
7.073921229938482824e+00,2.332908675372400875e+00,-1.000000000000000000e+00
8.770321767145510705e+00,1.170603716750334700e+00,-1.000000000000000000e+00
9.430625161940175971e+00,1.770053920227171007e+00,1.000000000000000000e+00
8.207638974998646475e+00,3.598649273526762116e+00,1.000000000000000000e+00
7.382180802349788351e+00,3.042327883765594265e+00,-1.000000000000000000e+00
8.171443389267416535e+00,1.909745124378445569e+00,1.000000000000000000e+00
9.365315665661327671e+00,3.707467250525760871e+00,-1.000000000000000000e+00
8.951087143113747757e+00,2.627867184073820361e+00,-1.000000000000000000e+00
9.752834556715079373e+00,2.262483159726305537e+00,-1.000000000000000000e+00
7.664833727745230973e+00,1.357849034374463137e+00,-1.000000000000000000e+00
8.696522498689862601e+00,3.679304283505988593e+00,-1.000000000000000000e+00
7.911514306741490365e+00,2.442513718635279663e+00,1.000000000000000000e+00
7.652642020916514909e+00,1.196838665440967286e+00,-1.000000000000000000e+00
8.165682052586682005e+00,1.329975832872398289e+00,-1.000000000000000000e+00
9.270701749325342078e+00,3.168618494561732390e+00,-1.000000000000000000e+00
9.281228324904391869e+00,1.172847712963372313e+00,-1.000000000000000000e+00
7.431395081420362203e+00,1.233645517833847460e+00,-1.000000000000000000e+00
8.275120142504306386e+00,2.580489837372283102e+00,-1.000000000000000000e+00
9.833601970246789392e+00,2.189915722913354568e+00,1.000000000000000000e+00
7.708397902677770475e+00,3.315201421878613441e+00,-1.000000000000000000e+00
9.865665147008412461e+00,3.111797237297074581e+00,-1.000000000000000000e+00
9.205539705198962253e+00,3.876121893859544087e+00,-1.000000000000000000e+00
7.295855790820903408e+00,1.270423697388509687e+00,-1.000000000000000000e+00
8.885863546004074465e+00,1.606730882950968331e+00,1.000000000000000000e+00
8.099851500614160926e+00,3.454919307010882790e+00,-1.000000000000000000e+00
7.081981275591287428e+00,1.183873594470926438e+00,-1.000000000000000000e+00
9.902720040849583683e+00,2.148186159618593383e+00,-1.000000000000000000e+00
9.777991509757729460e+00,3.815614260241376954e+00,-1.000000000000000000e+00
8.808014555765382170e+00,3.476602426804890289e+00,-1.000000000000000000e+00
8.890700284333071579e+00,3.895877058467849263e+00,-1.000000000000000000e+00
8.616332727114293988e+00,1.751755145991453766e+00,-1.000000000000000000e+00
7.963326141680918901e+00,2.632680308664667290e+00,1.000000000000000000e+00
9.718930864186965835e+00,3.833859575651963780e+00,-1.000000000000000000e+00
9.668400448820756665e+00,1.348710635800609126e+00,-1.000000000000000000e+00
7.685731907317144618e+00,2.158896742077235142e+00,-1.000000000000000000e+00
7.421250541294142522e+00,3.201723941677875107e+00,-1.000000000000000000e+00
8.413628893172779399e+00,3.962908478396419465e+00,-1.000000000000000000e+00
9.621464122043450473e+00,2.012030753834022079e+00,-1.000000000000000000e+00
7.258585314990015469e+00,1.338447622565558159e+00,-1.000000000000000000e+00
7.400536459410487211e+00,1.304369363183845998e+00,-1.000000000000000000e+00
9.319923792767568216e+00,3.938298908958163924e+00,-1.000000000000000000e+00
9.146727525153224292e+00,2.400528141267214810e+00,-1.000000000000000000e+00
9.287518891792464260e+00,2.525119890377653054e+00,-1.000000000000000000e+00
7.252570989096187581e+00,2.401878817775005004e+00,-1.000000000000000000e+00
7.349908570531718865e+00,3.095571888085730361e+00,-1.000000000000000000e+00
9.688223760207188562e+00,3.656575302556971607e+00,-1.000000000000000000e+00
9.698825883002459847e+00,1.138750844590123545e+00,-1.000000000000000000e+00
7.268544696115374570e+00,2.547401422889579159e+00,-1.000000000000000000e+00
9.286537482353230288e+00,2.918612106883021973e+00,-1.000000000000000000e+00
8.692032044246976952e+00,1.863330523457979115e+00,-1.000000000000000000e+00
8.944398528765370671e+00,2.921535631885392004e+00,-1.000000000000000000e+00
7.134723776171528087e+00,2.222617595086497921e+00,-1.000000000000000000e+00
9.544811048619520122e+00,3.672576631127836944e+00,-1.000000000000000000e+00
8.352161461426828026e+00,3.246656992459364233e+00,-1.000000000000000000e+00
7.627062198432656537e+00,1.879251849157042464e+00,-1.000000000000000000e+00
9.310587449843433561e+00,3.129741723768132200e+00,-1.000000000000000000e+00
9.618998292915403425e+00,3.210136930987459447e+00,-1.000000000000000000e+00
7.185555498092906390e+00,3.995147464809567950e+00,1.000000000000000000e+00
7.080974373533152288e+00,3.498225711379882696e+00,-1.000000000000000000e+00
9.217507313684938808e+00,1.596480937786409093e+00,-1.000000000000000000e+00
8.833422983541836970e+00,2.243186834079359038e+00,-1.000000000000000000e+00
8.179903776812576410e+00,1.711807951692248198e+00,-1.000000000000000000e+00
8.891935702588599000e+00,1.937313856891899944e+00,-1.000000000000000000e+00
9.973543110433984893e+00,1.913144720420507205e+00,-1.000000000000000000e+00
8.549686388325291375e+00,1.308834270631134888e+00,-1.000000000000000000e+00
7.380846324492427613e+00,3.136584264034524949e+00,-1.000000000000000000e+00
8.444592641001641198e+00,1.601517390200722257e+00,-1.000000000000000000e+00
8.427747559803965061e+00,3.974987912292726300e+00,-1.000000000000000000e+00
7.855716785061683360e+00,2.834900325886416272e+00,-1.000000000000000000e+00
8.943737820751890055e+00,1.431060038769500053e+00,-1.000000000000000000e+00
9.916019204025317890e+00,2.303454123619249394e+00,-1.000000000000000000e+00
9.587591399098936762e+00,2.227582896664368928e+00,-1.000000000000000000e+00
9.814386635093946154e+00,2.271777599104944478e+00,-1.000000000000000000e+00
8.220802008550888829e+00,3.496246418145343871e+00,-1.000000000000000000e+00
8.406769002922052536e+00,3.460472219207336941e+00,-1.000000000000000000e+00
9.728665614895511737e+00,2.353125569842430487e+00,-1.000000000000000000e+00
9.743395159054239585e+00,2.665741168200050915e+00,-1.000000000000000000e+00
9.309391471390640049e+00,3.091360527791301660e+00,-1.000000000000000000e+00
9.531067748518822214e+00,1.263013254154763398e+00,-1.000000000000000000e+00
9.872170371475096573e+00,2.860729013721978298e+00,-1.000000000000000000e+00
8.389918208151145862e+00,1.607002983961451026e+00,-1.000000000000000000e+00
9.863632498670110493e+00,2.512441775975674307e+00,-1.000000000000000000e+00
9.807202088565533771e+00,1.408419187751172696e+00,-1.000000000000000000e+00
7.030174431517711930e+00,3.037609654053950337e+00,-1.000000000000000000e+00
7.632660612177790682e+00,3.066044200859996849e+00,-1.000000000000000000e+00
7.525148516868562787e+00,3.499915632834111889e+00,-1.000000000000000000e+00
8.034856277100061561e+00,2.638650242184213290e+00,-1.000000000000000000e+00
9.659437006842097162e+00,2.570046918088985777e+00,-1.000000000000000000e+00
9.969280716749892690e+00,3.242162050022376896e+00,-1.000000000000000000e+00
9.279820406505365327e+00,2.423371310207381057e+00,-1.000000000000000000e+00
8.316725280756422478e+00,3.215974729786731601e+00,-1.000000000000000000e+00
8.586211260562720327e+00,2.834042024953815631e+00,1.000000000000000000e+00
9.924965731146180303e+00,2.127040614478314051e+00,-1.000000000000000000e+00
9.107782404794416919e+00,3.232125245584103190e+00,-1.000000000000000000e+00
7.838500988267483649e+00,2.642650651127165684e+00,-1.000000000000000000e+00
9.862301575003105114e+00,3.705677308352988142e+00,-1.000000000000000000e+00
8.771904970550634673e+00,2.086077039754935747e+00,-1.000000000000000000e+00
9.809045792169422739e+00,2.650462384632177759e+00,-1.000000000000000000e+00
9.351257925882444866e+00,2.281257281970129114e+00,1.000000000000000000e+00
7.180224965600642051e+00,1.443584032611535228e+00,-1.000000000000000000e+00
8.874144124885592788e+00,3.563960123310924377e+00,-1.000000000000000000e+00
8.178006500789003042e+00,1.726509037165367300e+00,-1.000000000000000000e+00
7.887293037240998395e+00,1.740402273198276673e+00,-1.000000000000000000e+00
8.541197551666011023e+00,1.751210981610175299e+00,-1.000000000000000000e+00
8.996563404264826147e+00,2.227846227299018267e+00,-1.000000000000000000e+00
8.176525222867487841e+00,2.088864907277793836e+00,-1.000000000000000000e+00
9.422102599999693240e+00,1.742401551083805344e+00,-1.000000000000000000e+00
7.081701945409843546e+00,2.900908411745396709e+00,-1.000000000000000000e+00
8.286429287436982705e+00,1.602666533548512184e+00,-1.000000000000000000e+00
8.169296905301798972e+00,1.851212216450509374e+00,1.000000000000000000e+00
8.390051550521747004e+00,1.536956918601257716e+00,-1.000000000000000000e+00
8.245889810774983175e+00,1.735077404007932866e+00,-1.000000000000000000e+00
7.851057284244252088e+00,3.133851919316308354e+00,-1.000000000000000000e+00
7.265883775395632682e+00,3.574340520186892523e+00,-1.000000000000000000e+00
8.152313581683934274e+00,2.143124522269659771e+00,-1.000000000000000000e+00
9.779489283568732816e+00,3.281726485700300788e+00,-1.000000000000000000e+00
8.362877847947810750e+00,2.873060504381753866e+00,-1.000000000000000000e+00
8.089275731337810527e+00,2.037181044997751656e+00,-1.000000000000000000e+00
8.275646407315781161e+00,2.735409602070240531e+00,1.000000000000000000e+00
9.286594660334952067e+00,3.463772761096723496e+00,-1.000000000000000000e+00
9.914415545957856679e+00,1.510663251469594570e+00,-1.000000000000000000e+00
7.328611461410448058e+00,2.914697489589174850e+00,-1.000000000000000000e+00
8.163541483722411840e+00,3.961215594293137521e+00,-1.000000000000000000e+00
7.507937707936897631e+00,1.985217500692376902e+00,1.000000000000000000e+00
8.755666076464871495e+00,2.558055823742988899e+00,-1.000000000000000000e+00
8.390975993887952455e+00,2.305066420120594817e+00,-1.000000000000000000e+00
8.315230202882760935e+00,3.632090038195871173e+00,-1.000000000000000000e+00
8.165371537243167666e+00,1.753117982581396950e+00,-1.000000000000000000e+00
7.708094133604825871e+00,3.384775467851016462e+00,-1.000000000000000000e+00
9.276531182331861913e+00,2.120728880168274877e+00,-1.000000000000000000e+00
8.111395003907075463e+00,2.251982630291223142e+00,-1.000000000000000000e+00
7.398670686753143322e+00,1.765155024716314358e+00,-1.000000000000000000e+00
9.939362132321374332e+00,2.248293219174158697e+00,-1.000000000000000000e+00
9.024832135460817639e+00,1.197084196033229020e+00,-1.000000000000000000e+00
9.325567081103057987e+00,2.170106544762339329e+00,-1.000000000000000000e+00
9.204975292057394398e+00,1.866084556410440243e+00,-1.000000000000000000e+00
9.122766909892593645e+00,1.505399622198328569e+00,-1.000000000000000000e+00
7.743810305764823987e+00,1.808397973964650740e+00,-1.000000000000000000e+00
8.665279244726310282e+00,3.769729422549323417e+00,-1.000000000000000000e+00
9.209398930951573803e+00,2.233391811277301908e+00,-1.000000000000000000e+00
8.598714521008712808e+00,2.010271747894553762e+00,1.000000000000000000e+00
9.240581529303703689e+00,2.758883126287260623e+00,-1.000000000000000000e+00
7.956696024616421781e+00,1.748346663814171809e+00,-1.000000000000000000e+00
8.872556319449293127e+00,2.087528524677122022e+00,-1.000000000000000000e+00
9.238386893642616116e+00,1.235121359730039892e+00,1.000000000000000000e+00
9.375804454700203294e+00,2.762550409752860592e+00,-1.000000000000000000e+00
7.334834242468582843e+00,1.695707577035511893e+00,-1.000000000000000000e+00
9.662566078293451710e+00,1.304422919500404010e+00,-1.000000000000000000e+00
7.858408921189075080e+00,2.117025124353813847e+00,1.000000000000000000e+00
9.828464228751041531e+00,2.648032673629215683e+00,-1.000000000000000000e+00
8.343281452651172714e+00,2.770354655795295606e+00,-1.000000000000000000e+00
8.141724823226095253e+00,2.862811559035544740e+00,-1.000000000000000000e+00
8.322149107293189019e+00,3.645811492469329451e+00,1.000000000000000000e+00
9.399207908901193065e+00,3.884378782113925954e+00,-1.000000000000000000e+00
9.946525708473398453e+00,2.257605847046266323e+00,-1.000000000000000000e+00
8.597209373174232283e+00,2.899587722216074859e+00,-1.000000000000000000e+00
7.419361398139877828e+00,2.676626178855782356e+00,-1.000000000000000000e+00
7.340691379633446978e+00,3.153897129670279575e+00,-1.000000000000000000e+00
9.099236501877197014e+00,1.412599505425952362e+00,-1.000000000000000000e+00
9.217264139566790249e+00,3.346055770122948747e+00,1.000000000000000000e+00
7.704971914565764912e+00,2.841399279605900219e+00,-1.000000000000000000e+00
9.821021432010807573e+00,3.939866074947744323e+00,-1.000000000000000000e+00
8.353144779780619089e+00,2.046941497588655068e+00,-1.000000000000000000e+00
7.684913163404107017e+00,3.265058953246946505e+00,-1.000000000000000000e+00
7.628031719711387382e+00,3.305432112568262415e+00,1.000000000000000000e+00
9.608220578155094671e+00,3.925003946864386695e+00,-1.000000000000000000e+00
9.085586471192495850e+00,1.732246927483744203e+00,-1.000000000000000000e+00
9.082553106672223819e+00,3.597918081640874011e+00,-1.000000000000000000e+00
8.741163227575476924e+00,3.531313253597725854e+00,-1.000000000000000000e+00
8.655283183631645727e+00,3.406702203733154910e+00,1.000000000000000000e+00
9.852761029370723733e+00,1.066944051638417434e+00,-1.000000000000000000e+00
8.178918445730250397e+00,3.803907322166911964e+00,1.000000000000000000e+00
8.367249307131430669e+00,3.986976756553397117e+00,-1.000000000000000000e+00
8.895596977757914914e+00,3.692349458335099754e+00,1.000000000000000000e+00
9.025054898110756341e+00,1.237267747840248955e+00,-1.000000000000000000e+00
8.963646932146868807e+00,2.587669230959827704e+00,-1.000000000000000000e+00
7.785146508087822603e+00,2.785937255458077466e+00,1.000000000000000000e+00
7.311195136151358298e+00,2.272028948466256804e+00,-1.000000000000000000e+00
9.867844001645007523e+00,2.354129201098408508e+00,-1.000000000000000000e+00
9.587509164366398551e+00,3.006418050387076324e+00,-1.000000000000000000e+00
7.320089307496769671e+00,3.899675001455404910e+00,-1.000000000000000000e+00
7.605363344715841301e+00,1.630155321024217452e+00,-1.000000000000000000e+00
8.094447894162483337e+00,3.061896861501876899e+00,-1.000000000000000000e+00
8.437863071430756534e+00,1.409911868780455935e+00,-1.000000000000000000e+00
7.474125533579432101e+00,1.967609192237759652e+00,-1.000000000000000000e+00
9.732200811472575097e+00,2.689489756751337168e+00,-1.000000000000000000e+00
9.238466741509201441e+00,2.423417639331436391e+00,-1.000000000000000000e+00
7.152057102623522233e+00,2.239043537591754340e+00,-1.000000000000000000e+00
9.159267197043291731e+00,1.983061062947542030e+00,-1.000000000000000000e+00
8.111981522203043582e+00,1.730493533267489781e+00,-1.000000000000000000e+00
7.787654162831168847e+00,3.259837378063938473e+00,-1.000000000000000000e+00
7.168709602300068262e+00,3.072179952267229730e+00,-1.000000000000000000e+00
8.968651476983826143e+00,3.428159749606178863e+00,-1.000000000000000000e+00
7.098350880624869852e+00,2.326573076701660359e+00,-1.000000000000000000e+00
7.062109714956918083e+00,2.879014675189104810e+00,-1.000000000000000000e+00
9.154568740231599833e+00,3.133407847611914931e+00,-1.000000000000000000e+00
8.770012838748806772e+00,3.754351622506816089e+00,-1.000000000000000000e+00
7.771973262851458841e+00,3.057497641454945736e+00,-1.000000000000000000e+00
7.080701043967141395e+00,1.277295903565298651e+00,-1.000000000000000000e+00
9.999948451602767463e+00,3.153808148058382610e+00,-1.000000000000000000e+00
7.921584593211182579e+00,3.686062609477270158e+00,-1.000000000000000000e+00
8.365259016567117456e+00,3.304168738008546047e+00,-1.000000000000000000e+00
8.915397346011937785e+00,2.214779572645533268e+00,-1.000000000000000000e+00
7.292857520551677020e+00,3.932148978346156731e+00,-1.000000000000000000e+00
9.976887943173649020e+00,3.780635352620652867e+00,-1.000000000000000000e+00
9.105200263661505033e+00,3.574659216573984111e+00,1.000000000000000000e+00
7.619401753952270262e+00,3.705085564949741173e+00,-1.000000000000000000e+00
8.827235204707161387e+00,2.062326117256208846e+00,1.000000000000000000e+00
9.855398863917596231e+00,3.212300987556152787e+00,-1.000000000000000000e+00
7.008214789627046137e+00,2.662194834928252263e+00,-1.000000000000000000e+00
9.600494103106200328e+00,3.007817807698185852e+00,-1.000000000000000000e+00
8.344026321454066419e+00,2.127614575528448349e+00,1.000000000000000000e+00
9.949759656125429785e+00,2.715049562764606961e+00,-1.000000000000000000e+00
7.967645216698285182e+00,2.136484783322625702e+00,-1.000000000000000000e+00
8.217225228534575265e+00,2.937216796577141409e+00,-1.000000000000000000e+00
8.700933170094474534e+00,1.307513539852510620e+00,-1.000000000000000000e+00
8.248832204014073355e+00,1.632542923776044042e+00,-1.000000000000000000e+00
8.301091217382314369e+00,2.035803371038670040e+00,1.000000000000000000e+00
8.106638706916061921e+00,3.142546489227826978e+00,-1.000000000000000000e+00
9.174710071511256615e+00,2.705949247040501326e+00,-1.000000000000000000e+00
7.570561905061421015e+00,3.386070356809791626e+00,1.000000000000000000e+00
8.607666760736979228e+00,1.728504639312442581e+00,-1.000000000000000000e+00
7.108553724960799514e+00,2.305368548165072085e+00,1.000000000000000000e+00
9.242354955642515080e+00,3.476406983807555751e+00,-1.000000000000000000e+00
8.764195720536616108e+00,2.700899331382684121e+00,1.000000000000000000e+00
9.470692621904863273e+00,2.474273331889925931e+00,-1.000000000000000000e+00
9.237593023824702598e+00,2.342788160062694303e+00,-1.000000000000000000e+00
8.129639776912176430e+00,3.860197121399843390e+00,-1.000000000000000000e+00
7.546804494719618894e+00,3.054283651692939472e+00,1.000000000000000000e+00
8.276045904706588630e+00,1.145751493937968490e+00,1.000000000000000000e+00
8.577784354632868258e+00,3.622129517298126267e+00,-1.000000000000000000e+00
8.318464526531268888e+00,3.949833254572761465e+00,-1.000000000000000000e+00
7.820467722145990841e+00,2.707677386846573775e+00,-1.000000000000000000e+00
7.227520689130007447e+00,1.371631769068105022e+00,-1.000000000000000000e+00
9.046080063147762473e+00,2.978997605827840900e+00,-1.000000000000000000e+00
7.672440116425387480e+00,3.981197471074096494e+00,-1.000000000000000000e+00
8.584662767523781213e+00,3.868138653545783789e+00,-1.000000000000000000e+00
9.591954540803209639e+00,3.937979540873077777e+00,-1.000000000000000000e+00
9.669058824704272581e+00,2.413699489380895624e+00,-1.000000000000000000e+00
7.818944050836598159e+00,2.038761132437307833e+00,-1.000000000000000000e+00
7.825434907565504972e+00,1.483386694129892991e+00,-1.000000000000000000e+00
7.521140230592036957e+00,2.607045650277961091e+00,-1.000000000000000000e+00
8.640627411890585918e+00,2.064325585490209836e+00,-1.000000000000000000e+00
8.668612692857417201e+00,1.431422664986949478e+00,1.000000000000000000e+00
7.910457195862711899e+00,1.550729521620624718e+00,-1.000000000000000000e+00
7.198239204895256371e+00,1.309712130011850162e+00,1.000000000000000000e+00
9.684950733924683419e+00,3.276944673286003695e+00,1.000000000000000000e+00
8.819957818695499441e+00,2.169626058434873883e+00,-1.000000000000000000e+00
9.241119941568562979e+00,3.429702531994600623e+00,-1.000000000000000000e+00
9.690986857655715880e+00,2.067883663014950635e+00,-1.000000000000000000e+00
8.570172137243314836e+00,1.893950588533044099e+00,-1.000000000000000000e+00
9.382649886525749494e+00,3.048846808887248905e+00,-1.000000000000000000e+00
9.099795225379960328e+00,1.302374779505941049e+00,-1.000000000000000000e+00
7.666493089316626985e+00,3.246784934191054184e+00,-1.000000000000000000e+00
9.746364631537609569e+00,2.320785336913583130e+00,-1.000000000000000000e+00
7.092936282449088914e+00,2.131025575272308181e+00,-1.000000000000000000e+00
7.031438891230850530e+00,1.411649620871857191e+00,-1.000000000000000000e+00
7.345594125986636413e+00,2.374663702369944840e+00,-1.000000000000000000e+00
7.693195142013792953e+00,1.905968432974704418e+00,-1.000000000000000000e+00
8.170764064537966220e+00,1.842106210938053934e+00,1.000000000000000000e+00
8.410032325518395524e+00,2.037708087530952561e+00,-1.000000000000000000e+00
9.515050252500556027e+00,1.028911260293623897e+00,-1.000000000000000000e+00
8.055620909359817006e+00,3.392257162427988693e+00,-1.000000000000000000e+00
9.200850333343659315e+00,2.630017834421767287e+00,-1.000000000000000000e+00
9.330164418111243307e+00,3.674348177987879271e+00,-1.000000000000000000e+00
9.476549425782991420e+00,3.529502680644849733e+00,-1.000000000000000000e+00
7.665561659198138145e+00,3.577358587898482600e+00,-1.000000000000000000e+00
8.833673074543574089e+00,3.629412399850356241e+00,1.000000000000000000e+00
9.971395276228403048e+00,2.803048481951614601e+00,-1.000000000000000000e+00
8.056907882668975063e+00,3.213110737332569578e+00,-1.000000000000000000e+00
7.191500362241237454e+00,1.963960417265821379e+00,1.000000000000000000e+00
7.980543507364745714e+00,1.929087543008738859e+00,-1.000000000000000000e+00
9.640966175478556721e+00,1.635932341042386273e+00,-1.000000000000000000e+00
9.229674379326796796e+00,2.214734762408210322e+00,-1.000000000000000000e+00
7.963264333864276345e+00,3.120373005944675260e+00,-1.000000000000000000e+00
7.601523393208603707e+00,3.534253098748070254e+00,-1.000000000000000000e+00
8.490391141984565238e+00,1.983714941320394054e+00,-1.000000000000000000e+00
7.566150744343175027e+00,2.587820113763811047e+00,-1.000000000000000000e+00
9.684346699738455300e+00,2.331681825256539220e+00,-1.000000000000000000e+00
7.840695569534373632e+00,3.165619100315923973e+00,-1.000000000000000000e+00
7.946843233701032183e+00,1.750626944175580846e+00,-1.000000000000000000e+00
9.580647802347103337e+00,3.365661238547488665e+00,-1.000000000000000000e+00
9.569760698220463269e+00,3.045912791839527234e+00,-1.000000000000000000e+00
9.092101709597876891e+00,1.350626041209209038e+00,-1.000000000000000000e+00
7.123584656658368708e+00,3.033930671027483594e+00,-1.000000000000000000e+00
9.183324517120290409e+00,2.754977661357322916e+00,-1.000000000000000000e+00
7.067851478953843802e+00,1.724008829293112388e+00,1.000000000000000000e+00
